z Lx kcorr
0.01 1e+40 0.9947
0.01 1.14173510247619e+40 0.9947
0.01 1.30355904422631e+40 0.995
0.01 1.4883191189435e+40 0.995
0.01 1.69926618178422e+40 0.9951
0.01 1.94011184819373e+40 0.9951
0.01 2.21509379981273e+40 0.9951
0.01 2.52905034652355e+40 0.9949
0.01 2.88750555655553e+40 0.9949
0.01 3.29676645251449e+40 0.9947
0.01 3.76403398350168e+40 0.9947
0.01 4.29752972587713e+40 0.9944
0.01 4.90664054196878e+40 0.9944
0.01 5.60208374199861e+40 0.9941
0.01 6.39609565525095e+40 0.9941
0.01 7.30264692839543e+40 0.9941
0.01 8.33768833913895e+40 0.9943
0.01 9.51943145030131e+40 0.9943
0.01 1.08686690424248e+41 0.9944
0.01 1.24091409629328e+41 0.9944
0.01 1.41679518289555e+41 0.9897
0.01 1.61760479333101e+41 0.9897
0.01 1.84687617447975e+41 0.9897
0.01 2.10864335833047e+41 0.9911
0.01 2.4075121408092e+41 0.9911
0.01 2.74874112079945e+41 0.9921
0.01 3.13833422523646e+41 0.9921
0.01 3.58314634825487e+41 0.9931
0.01 4.09100396311194e+41 0.9931
0.01 4.67084282905416e+41 0.9931
0.01 5.33286521608031e+41 0.9936
0.01 6.08871941397313e+41 0.9936
0.01 6.95170468406135e+41 0.9942
0.01 7.93700525984097e+41 0.9942
0.01 9.06195751369867e+41 0.9945
0.01 1.03463549905376e+42 0.9945
0.01 1.18127966753764e+42 0.9948
0.01 1.34870846226912e+42 0.9948
0.01 1.53986779437934e+42 0.9948
0.01 1.75812111401549e+42 0.995
0.01 2.00730859027603e+42 0.995
0.01 2.29181467902013e+42 0.9952
0.01 2.61664526740747e+42 0.9952
0.01 2.98751575252729e+42 0.9955
0.01 3.41095160386101e+42 0.9955
0.01 3.89440317897556e+42 0.9955
0.01 4.44637681263124e+42 0.9958
0.01 5.07658448581727e+42 0.9958
0.01 5.79611470814359e+42 0.9964
0.01 6.61762762026614e+42 0.9964
0.01 7.55557774917379e+42 0.997
0.01 8.62646833571973e+42 0.997
0.01 9.84914170929053e+42 0.9977
0.01 1.12451108187593e+43 0.9977
0.01 1.28389377530122e+43 0.9977
0.01 1.4658665911121e+43 0.9984
0.01 1.67363134261978e+43 0.9984
0.01 1.91084365247335e+43 0.9989
0.01 2.18167727337263e+43 0.9989
0.01 2.49089752528407e+43 0.9995
0.01 2.84394514128792e+43 0.9995
0.01 3.24703199732501e+43 0.9995
0.01 3.70725041020933e+43 1
0.01 4.23269792700523e+43 1
0.01 4.83261980144005e+43 1.001
0.01 5.5175716642256e+43 1.001
0.01 6.2996052494744e+43 0.9991
0.01 7.19248044506816e+43 0.9991
0.01 8.21190739800786e+43 0.9991
0.01 9.37582293458945e+43 0.9995
0.01 1.0704706159022e+44 0.9995
0.01 1.22219387834487e+44 0.9998
0.01 1.39542165293784e+44 0.9998
0.01 1.59320188391447e+44 1
0.01 1.81901451619634e+44 1
0.01 2.0768327250551e+44 1
0.01 2.37119282416671e+44 1
0.01 2.70727408209078e+44 1
0.01 3.09098985154704e+44 1.001
0.01 3.5290916149089e+44 1.001
0.01 4.02928777659586e+44 1.001
0.01 4.60037929251778e+44 1.001
0.01 5.25241452297211e+44 1.001
0.01 5.99686603363297e+44 1.001
0.01 6.84683245544589e+44 1.001
0.01 7.81726895515578e+44 1.001
0.01 8.92525037159882e+44 1.001
0.01 1.0190271647643e+45 1.002
0.01 1.16345908438818e+45 1.002
0.01 1.32836207694079e+45 1.002
0.01 1.51663761204147e+45 1.002
0.01 1.73159839940343e+45 1.002
0.01 1.97702667599047e+45 1.002
0.01 2.25724075451014e+45 1.002
0.01 2.57717100416405e+45 1.002
0.01 2.9424466005379e+45 1.002
0.01 3.35949457099589e+45 1.002
0.01 3.83565287828418e+45 1.002
0.01 4.37929953205086e+45 1.002
0.01 5e+45 1.002
0.05 1e+40 0.9806
0.05 1.14173510247619e+40 0.9806
0.05 1.30355904422631e+40 0.9815
0.05 1.4883191189435e+40 0.9815
0.05 1.69926618178422e+40 0.982
0.05 1.94011184819373e+40 0.982
0.05 2.21509379981273e+40 0.982
0.05 2.52905034652355e+40 0.9813
0.05 2.88750555655553e+40 0.9813
0.05 3.29676645251449e+40 0.9807
0.05 3.76403398350168e+40 0.9807
0.05 4.29752972587713e+40 0.9797
0.05 4.90664054196878e+40 0.9797
0.05 5.60208374199861e+40 0.9797
0.05 6.39609565525095e+40 0.9787
0.05 7.30264692839543e+40 0.9787
0.05 8.33768833913895e+40 0.9787
0.05 9.51943145030131e+40 0.9787
0.05 1.08686690424248e+41 0.9786
0.05 1.24091409629328e+41 0.9786
0.05 1.41679518289555e+41 0.9786
0.05 1.61760479333101e+41 0.978
0.05 1.84687617447975e+41 0.978
0.05 2.10864335833047e+41 0.9791
0.05 2.4075121408092e+41 0.9791
0.05 2.74874112079945e+41 0.9811
0.05 3.13833422523646e+41 0.9811
0.05 3.58314634825487e+41 0.983
0.05 4.09100396311194e+41 0.983
0.05 4.67084282905416e+41 0.983
0.05 5.33286521608031e+41 0.9844
0.05 6.08871941397313e+41 0.9844
0.05 6.95170468406135e+41 0.9858
0.05 7.93700525984097e+41 0.9858
0.05 9.06195751369867e+41 0.987
0.05 1.03463549905376e+42 0.987
0.05 1.18127966753764e+42 0.987
0.05 1.34870846226912e+42 0.9882
0.05 1.53986779437934e+42 0.9882
0.05 1.75812111401549e+42 0.9894
0.05 2.00730859027603e+42 0.9894
0.05 2.29181467902013e+42 0.9907
0.05 2.61664526740747e+42 0.9907
0.05 2.98751575252729e+42 0.9922
0.05 3.41095160386101e+42 0.9922
0.05 3.89440317897556e+42 0.9922
0.05 4.44637681263124e+42 0.9941
0.05 5.07658448581727e+42 0.9941
0.05 5.79611470814359e+42 0.9966
0.05 6.61762762026614e+42 0.9966
0.05 7.55557774917379e+42 0.9994
0.05 8.62646833571973e+42 0.9994
0.05 9.84914170929053e+42 0.9994
0.05 1.12451108187593e+43 1.002
0.05 1.28389377530122e+43 1.002
0.05 1.4658665911121e+43 1.005
0.05 1.67363134261978e+43 1.005
0.05 1.91084365247335e+43 1.007
0.05 2.18167727337263e+43 1.007
0.05 2.49089752528407e+43 1.01
0.05 2.84394514128792e+43 1.01
0.05 3.24703199732501e+43 1.01
0.05 3.70725041020933e+43 1.012
0.05 4.23269792700523e+43 1.012
0.05 4.83261980144005e+43 1.014
0.05 5.5175716642256e+43 1.014
0.05 6.2996052494744e+43 1.02
0.05 7.19248044506816e+43 1.02
0.05 8.21190739800786e+43 1.02
0.05 9.37582293458945e+43 1.022
0.05 1.0704706159022e+44 1.022
0.05 1.22219387834487e+44 1.024
0.05 1.39542165293784e+44 1.024
0.05 1.59320188391447e+44 1.025
0.05 1.81901451619634e+44 1.025
0.05 2.0768327250551e+44 1.025
0.05 2.37119282416671e+44 1.026
0.05 2.70727408209078e+44 1.026
0.05 3.09098985154704e+44 1.027
0.05 3.5290916149089e+44 1.027
0.05 4.02928777659586e+44 1.028
0.05 4.60037929251778e+44 1.028
0.05 5.25241452297211e+44 1.03
0.05 5.99686603363297e+44 1.03
0.05 6.84683245544589e+44 1.03
0.05 7.81726895515578e+44 1.031
0.05 8.92525037159882e+44 1.031
0.05 1.0190271647643e+45 1.032
0.05 1.16345908438818e+45 1.032
0.05 1.32836207694079e+45 1.033
0.05 1.51663761204147e+45 1.033
0.05 1.73159839940343e+45 1.033
0.05 1.97702667599047e+45 1.033
0.05 2.25724075451014e+45 1.033
0.05 2.57717100416405e+45 1.034
0.05 2.9424466005379e+45 1.034
0.05 3.35949457099589e+45 1.035
0.05 3.83565287828418e+45 1.035
0.05 4.37929953205086e+45 1.035
0.05 5e+45 1.035
0.1 1e+40 0.2067
0.1 1.14173510247619e+40 0.2067
0.1 1.30355904422631e+40 0.3031
0.1 1.4883191189435e+40 0.3031
0.1 1.69926618178422e+40 0.3031
0.1 1.94011184819373e+40 0.3643
0.1 2.21509379981273e+40 0.3643
0.1 2.52905034652355e+40 0.4908
0.1 2.88750555655553e+40 0.4908
0.1 3.29676645251449e+40 0.595
0.1 3.76403398350168e+40 0.595
0.1 4.29752972587713e+40 0.595
0.1 4.90664054196878e+40 0.697
0.1 5.60208374199861e+40 0.697
0.1 6.39609565525095e+40 0.7956
0.1 7.30264692839543e+40 0.7956
0.1 8.33768833913895e+40 0.8508
0.1 9.51943145030131e+40 0.8508
0.1 1.08686690424248e+41 0.9027
0.1 1.24091409629328e+41 0.9027
0.1 1.41679518289555e+41 0.9027
0.1 1.61760479333101e+41 0.9256
0.1 1.84687617447975e+41 0.9256
0.1 2.10864335833047e+41 0.9448
0.1 2.4075121408092e+41 0.9448
0.1 2.74874112079945e+41 0.954
0.1 3.13833422523646e+41 0.954
0.1 3.58314634825487e+41 0.954
0.1 4.09100396311194e+41 0.9625
0.1 4.67084282905416e+41 0.9625
0.1 5.33286521608031e+41 0.9671
0.1 6.08871941397313e+41 0.9671
0.1 6.95170468406135e+41 0.9718
0.1 7.93700525984097e+41 0.9718
0.1 9.06195751369867e+41 0.9743
0.1 1.03463549905376e+42 0.9743
0.1 1.18127966753764e+42 0.9743
0.1 1.34870846226912e+42 0.9772
0.1 1.53986779437934e+42 0.9772
0.1 1.75812111401549e+42 0.9798
0.1 2.00730859027603e+42 0.9798
0.1 2.29181467902013e+42 0.9829
0.1 2.61664526740747e+42 0.9829
0.1 2.98751575252729e+42 0.9829
0.1 3.41095160386101e+42 0.9868
0.1 3.89440317897556e+42 0.9868
0.1 4.44637681263124e+42 0.9915
0.1 5.07658448581727e+42 0.9915
0.1 5.79611470814359e+42 0.9967
0.1 6.61762762026614e+42 0.9967
0.1 7.55557774917379e+42 1.003
0.1 8.62646833571973e+42 1.003
0.1 9.84914170929053e+42 1.003
0.1 1.12451108187593e+43 1.008
0.1 1.28389377530122e+43 1.008
0.1 1.4658665911121e+43 1.014
0.1 1.67363134261978e+43 1.014
0.1 1.91084365247335e+43 1.018
0.1 2.18167727337263e+43 1.018
0.1 2.49089752528407e+43 1.018
0.1 2.84394514128792e+43 1.024
0.1 3.24703199732501e+43 1.024
0.1 3.70725041020933e+43 1.028
0.1 4.23269792700523e+43 1.028
0.1 4.83261980144005e+43 1.033
0.1 5.5175716642256e+43 1.033
0.1 6.2996052494744e+43 1.033
0.1 7.19248044506816e+43 1.034
0.1 8.21190739800786e+43 1.034
0.1 9.37582293458945e+43 1.038
0.1 1.0704706159022e+44 1.038
0.1 1.22219387834487e+44 1.042
0.1 1.39542165293784e+44 1.042
0.1 1.59320188391447e+44 1.046
0.1 1.81901451619634e+44 1.046
0.1 2.0768327250551e+44 1.046
0.1 2.37119282416671e+44 1.049
0.1 2.70727408209078e+44 1.049
0.1 3.09098985154704e+44 1.052
0.1 3.5290916149089e+44 1.052
0.1 4.02928777659586e+44 1.054
0.1 4.60037929251778e+44 1.054
0.1 5.25241452297211e+44 1.054
0.1 5.99686603363297e+44 1.057
0.1 6.84683245544589e+44 1.057
0.1 7.81726895515578e+44 1.059
0.1 8.92525037159882e+44 1.059
0.1 1.0190271647643e+45 1.061
0.1 1.16345908438818e+45 1.061
0.1 1.32836207694079e+45 1.062
0.1 1.51663761204147e+45 1.062
0.1 1.73159839940343e+45 1.062
0.1 1.97702667599047e+45 1.063
0.1 2.25724075451014e+45 1.063
0.1 2.57717100416405e+45 1.065
0.1 2.9424466005379e+45 1.065
0.1 3.35949457099589e+45 1.067
0.1 3.83565287828418e+45 1.067
0.1 4.37929953205086e+45 1.067
0.1 5e+45 1.068
0.15 1e+40 0.3023
0.15 1.14173510247619e+40 0.3023
0.15 1.30355904422631e+40 0.3023
0.15 1.4883191189435e+40 0.3273
0.15 1.69926618178422e+40 0.3273
0.15 1.94011184819373e+40 0.3394
0.15 2.21509379981273e+40 0.3394
0.15 2.52905034652355e+40 0.3997
0.15 2.88750555655553e+40 0.3997
0.15 3.29676645251449e+40 0.4373
0.15 3.76403398350168e+40 0.4373
0.15 4.29752972587713e+40 0.4373
0.15 4.90664054196878e+40 0.5218
0.15 5.60208374199861e+40 0.5218
0.15 6.39609565525095e+40 0.5898
0.15 7.30264692839543e+40 0.5898
0.15 8.33768833913895e+40 0.671
0.15 9.51943145030131e+40 0.671
0.15 1.08686690424248e+41 0.671
0.15 1.24091409629328e+41 0.7412
0.15 1.41679518289555e+41 0.7412
0.15 1.61760479333101e+41 0.7948
0.15 1.84687617447975e+41 0.7948
0.15 2.10864335833047e+41 0.8407
0.15 2.4075121408092e+41 0.8407
0.15 2.74874112079945e+41 0.8695
0.15 3.13833422523646e+41 0.8695
0.15 3.58314634825487e+41 0.8695
0.15 4.09100396311194e+41 0.8958
0.15 4.67084282905416e+41 0.8958
0.15 5.33286521608031e+41 0.9106
0.15 6.08871941397313e+41 0.9106
0.15 6.95170468406135e+41 0.9256
0.15 7.93700525984097e+41 0.9256
0.15 9.06195751369867e+41 0.9256
0.15 1.03463549905376e+42 0.9343
0.15 1.18127966753764e+42 0.9343
0.15 1.34870846226912e+42 0.9441
0.15 1.53986779437934e+42 0.9441
0.15 1.75812111401549e+42 0.9511
0.15 2.00730859027603e+42 0.9511
0.15 2.29181467902013e+42 0.9511
0.15 2.61664526740747e+42 0.9594
0.15 2.98751575252729e+42 0.9594
0.15 3.41095160386101e+42 0.9673
0.15 3.89440317897556e+42 0.9673
0.15 4.44637681263124e+42 0.9768
0.15 5.07658448581727e+42 0.9768
0.15 5.79611470814359e+42 0.9859
0.15 6.61762762026614e+42 0.9859
0.15 7.55557774917379e+42 0.9859
0.15 8.62646833571973e+42 0.9963
0.15 9.84914170929053e+42 0.9963
0.15 1.12451108187593e+43 1.005
0.15 1.28389377530122e+43 1.005
0.15 1.4658665911121e+43 1.014
0.15 1.67363134261978e+43 1.014
0.15 1.91084365247335e+43 1.014
0.15 2.18167727337263e+43 1.021
0.15 2.49089752528407e+43 1.021
0.15 2.84394514128792e+43 1.029
0.15 3.24703199732501e+43 1.029
0.15 3.70725041020933e+43 1.036
0.15 4.23269792700523e+43 1.036
0.15 4.83261980144005e+43 1.043
0.15 5.5175716642256e+43 1.043
0.15 6.2996052494744e+43 1.043
0.15 7.19248044506816e+43 1.045
0.15 8.21190739800786e+43 1.045
0.15 9.37582293458945e+43 1.051
0.15 1.0704706159022e+44 1.051
0.15 1.22219387834487e+44 1.056
0.15 1.39542165293784e+44 1.056
0.15 1.59320188391447e+44 1.056
0.15 1.81901451619634e+44 1.061
0.15 2.0768327250551e+44 1.061
0.15 2.37119282416671e+44 1.065
0.15 2.70727408209078e+44 1.065
0.15 3.09098985154704e+44 1.07
0.15 3.5290916149089e+44 1.07
0.15 4.02928777659586e+44 1.074
0.15 4.60037929251778e+44 1.074
0.15 5.25241452297211e+44 1.074
0.15 5.99686603363297e+44 1.079
0.15 6.84683245544589e+44 1.079
0.15 7.81726895515578e+44 1.082
0.15 8.92525037159882e+44 1.082
0.15 1.0190271647643e+45 1.086
0.15 1.16345908438818e+45 1.086
0.15 1.32836207694079e+45 1.086
0.15 1.51663761204147e+45 1.087
0.15 1.73159839940343e+45 1.087
0.15 1.97702667599047e+45 1.089
0.15 2.25724075451014e+45 1.089
0.15 2.57717100416405e+45 1.092
0.15 2.9424466005379e+45 1.092
0.15 3.35949457099589e+45 1.092
0.15 3.83565287828418e+45 1.094
0.15 4.37929953205086e+45 1.094
0.15 5e+45 1.096
0.2 1e+40 0.2825
0.2 1.14173510247619e+40 0.2825
0.2 1.30355904422631e+40 0.2825
0.2 1.4883191189435e+40 0.311
0.2 1.69926618178422e+40 0.311
0.2 1.94011184819373e+40 0.3214
0.2 2.21509379981273e+40 0.3214
0.2 2.52905034652355e+40 0.3953
0.2 2.88750555655553e+40 0.3953
0.2 3.29676645251449e+40 0.3953
0.2 3.76403398350168e+40 0.4326
0.2 4.29752972587713e+40 0.4326
0.2 4.90664054196878e+40 0.5215
0.2 5.60208374199861e+40 0.5215
0.2 6.39609565525095e+40 0.5858
0.2 7.30264692839543e+40 0.5858
0.2 8.33768833913895e+40 0.6654
0.2 9.51943145030131e+40 0.6654
0.2 1.08686690424248e+41 0.6654
0.2 1.24091409629328e+41 0.7313
0.2 1.41679518289555e+41 0.7313
0.2 1.61760479333101e+41 0.7812
0.2 1.84687617447975e+41 0.7812
0.2 2.10864335833047e+41 0.8241
0.2 2.4075121408092e+41 0.8241
0.2 2.74874112079945e+41 0.8241
0.2 3.13833422523646e+41 0.8503
0.2 3.58314634825487e+41 0.8503
0.2 4.09100396311194e+41 0.8741
0.2 4.67084282905416e+41 0.8741
0.2 5.33286521608031e+41 0.8887
0.2 6.08871941397313e+41 0.8887
0.2 6.95170468406135e+41 0.8887
0.2 7.93700525984097e+41 0.9033
0.2 9.06195751369867e+41 0.9033
0.2 1.03463549905376e+42 0.9133
0.2 1.18127966753764e+42 0.9133
0.2 1.34870846226912e+42 0.9244
0.2 1.53986779437934e+42 0.9244
0.2 1.75812111401549e+42 0.9321
0.2 2.00730859027603e+42 0.9321
0.2 2.29181467902013e+42 0.9321
0.2 2.61664526740747e+42 0.9412
0.2 2.98751575252729e+42 0.9412
0.2 3.41095160386101e+42 0.9499
0.2 3.89440317897556e+42 0.9499
0.2 4.44637681263124e+42 0.9603
0.2 5.07658448581727e+42 0.9603
0.2 5.79611470814359e+42 0.9603
0.2 6.61762762026614e+42 0.9714
0.2 7.55557774917379e+42 0.9714
0.2 8.62646833571973e+42 0.9839
0.2 9.84914170929053e+42 0.9839
0.2 1.12451108187593e+43 0.995
0.2 1.28389377530122e+43 0.995
0.2 1.4658665911121e+43 1.007
0.2 1.67363134261978e+43 1.007
0.2 1.91084365247335e+43 1.007
0.2 2.18167727337263e+43 1.018
0.2 2.49089752528407e+43 1.018
0.2 2.84394514128792e+43 1.029
0.2 3.24703199732501e+43 1.029
0.2 3.70725041020933e+43 1.038
0.2 4.23269792700523e+43 1.038
0.2 4.83261980144005e+43 1.038
0.2 5.5175716642256e+43 1.048
0.2 6.2996052494744e+43 1.048
0.2 7.19248044506816e+43 1.056
0.2 8.21190739800786e+43 1.056
0.2 9.37582293458945e+43 1.065
0.2 1.0704706159022e+44 1.065
0.2 1.22219387834487e+44 1.065
0.2 1.39542165293784e+44 1.072
0.2 1.59320188391447e+44 1.072
0.2 1.81901451619634e+44 1.08
0.2 2.0768327250551e+44 1.08
0.2 2.37119282416671e+44 1.085
0.2 2.70727408209078e+44 1.085
0.2 3.09098985154704e+44 1.092
0.2 3.5290916149089e+44 1.092
0.2 4.02928777659586e+44 1.092
0.2 4.60037929251778e+44 1.097
0.2 5.25241452297211e+44 1.097
0.2 5.99686603363297e+44 1.103
0.2 6.84683245544589e+44 1.103
0.2 7.81726895515578e+44 1.107
0.2 8.92525037159882e+44 1.107
0.2 1.0190271647643e+45 1.107
0.2 1.16345908438818e+45 1.112
0.2 1.32836207694079e+45 1.112
0.2 1.51663761204147e+45 1.115
0.2 1.73159839940343e+45 1.115
0.2 1.97702667599047e+45 1.119
0.2 2.25724075451014e+45 1.119
0.2 2.57717100416405e+45 1.122
0.2 2.9424466005379e+45 1.122
0.2 3.35949457099589e+45 1.122
0.2 3.83565287828418e+45 1.125
0.2 4.37929953205086e+45 1.125
0.2 5e+45 1.128
0.25 1e+40 0.2128
0.25 1.14173510247619e+40 0.2157
0.25 1.30355904422631e+40 0.2157
0.25 1.4883191189435e+40 0.231
0.25 1.69926618178422e+40 0.231
0.25 1.94011184819373e+40 0.2364
0.25 2.21509379981273e+40 0.2364
0.25 2.52905034652355e+40 0.2364
0.25 2.88750555655553e+40 0.2828
0.25 3.29676645251449e+40 0.2828
0.25 3.76403398350168e+40 0.3062
0.25 4.29752972587713e+40 0.3062
0.25 4.90664054196878e+40 0.37
0.25 5.60208374199861e+40 0.37
0.25 6.39609565525095e+40 0.4161
0.25 7.30264692839543e+40 0.4161
0.25 8.33768833913895e+40 0.4161
0.25 9.51943145030131e+40 0.4774
0.25 1.08686690424248e+41 0.4774
0.25 1.24091409629328e+41 0.5281
0.25 1.41679518289555e+41 0.5281
0.25 1.61760479333101e+41 0.5749
0.25 1.84687617447975e+41 0.5749
0.25 2.10864335833047e+41 0.5749
0.25 2.4075121408092e+41 0.6146
0.25 2.74874112079945e+41 0.6146
0.25 3.13833422523646e+41 0.6565
0.25 3.58314634825487e+41 0.6565
0.25 4.09100396311194e+41 0.6946
0.25 4.67084282905416e+41 0.6946
0.25 5.33286521608031e+41 0.7435
0.25 6.08871941397313e+41 0.7435
0.25 6.95170468406135e+41 0.7435
0.25 7.93700525984097e+41 0.7925
0.25 9.06195751369867e+41 0.7925
0.25 1.03463549905376e+42 0.8309
0.25 1.18127966753764e+42 0.8309
0.25 1.34870846226912e+42 0.8736
0.25 1.53986779437934e+42 0.8736
0.25 1.75812111401549e+42 0.8736
0.25 2.00730859027603e+42 0.8908
0.25 2.29181467902013e+42 0.8908
0.25 2.61664526740747e+42 0.9113
0.25 2.98751575252729e+42 0.9113
0.25 3.41095160386101e+42 0.9224
0.25 3.89440317897556e+42 0.9224
0.25 4.44637681263124e+42 0.9356
0.25 5.07658448581727e+42 0.9356
0.25 5.79611470814359e+42 0.9356
0.25 6.61762762026614e+42 0.9499
0.25 7.55557774917379e+42 0.9499
0.25 8.62646833571973e+42 0.966
0.25 9.84914170929053e+42 0.966
0.25 1.12451108187593e+43 0.9811
0.25 1.28389377530122e+43 0.9811
0.25 1.4658665911121e+43 0.9811
0.25 1.67363134261978e+43 0.9976
0.25 1.91084365247335e+43 0.9976
0.25 2.18167727337263e+43 1.011
0.25 2.49089752528407e+43 1.011
0.25 2.84394514128792e+43 1.027
0.25 3.24703199732501e+43 1.027
0.25 3.70725041020933e+43 1.027
0.25 4.23269792700523e+43 1.039
0.25 4.83261980144005e+43 1.039
0.25 5.5175716642256e+43 1.052
0.25 6.2996052494744e+43 1.052
0.25 7.19248044506816e+43 1.059
0.25 8.21190739800786e+43 1.059
0.25 9.37582293458945e+43 1.071
0.25 1.0704706159022e+44 1.071
0.25 1.22219387834487e+44 1.071
0.25 1.39542165293784e+44 1.08
0.25 1.59320188391447e+44 1.08
0.25 1.81901451619634e+44 1.09
0.25 2.0768327250551e+44 1.09
0.25 2.37119282416671e+44 1.098
0.25 2.70727408209078e+44 1.098
0.25 3.09098985154704e+44 1.098
0.25 3.5290916149089e+44 1.106
0.25 4.02928777659586e+44 1.106
0.25 4.60037929251778e+44 1.113
0.25 5.25241452297211e+44 1.113
0.25 5.99686603363297e+44 1.121
0.25 6.84683245544589e+44 1.121
0.25 7.81726895515578e+44 1.126
0.25 8.92525037159882e+44 1.126
0.25 1.0190271647643e+45 1.126
0.25 1.16345908438818e+45 1.133
0.25 1.32836207694079e+45 1.133
0.25 1.51663761204147e+45 1.137
0.25 1.73159839940343e+45 1.137
0.25 1.97702667599047e+45 1.141
0.25 2.25724075451014e+45 1.141
0.25 2.57717100416405e+45 1.141
0.25 2.9424466005379e+45 1.145
0.25 3.35949457099589e+45 1.145
0.25 3.83565287828418e+45 1.15
0.25 4.37929953205086e+45 1.15
0.25 5e+45 1.154
0.3 1e+40 0.1702
0.3 1.14173510247619e+40 0.1727
0.3 1.30355904422631e+40 0.1727
0.3 1.4883191189435e+40 0.1703
0.3 1.69926618178422e+40 0.1703
0.3 1.94011184819373e+40 0.1694
0.3 2.21509379981273e+40 0.1694
0.3 2.52905034652355e+40 0.1694
0.3 2.88750555655553e+40 0.1861
0.3 3.29676645251449e+40 0.1861
0.3 3.76403398350168e+40 0.1943
0.3 4.29752972587713e+40 0.1943
0.3 4.90664054196878e+40 0.2325
0.3 5.60208374199861e+40 0.2325
0.3 6.39609565525095e+40 0.2325
0.3 7.30264692839543e+40 0.2598
0.3 8.33768833913895e+40 0.2598
0.3 9.51943145030131e+40 0.3015
0.3 1.08686690424248e+41 0.3015
0.3 1.24091409629328e+41 0.3359
0.3 1.41679518289555e+41 0.3359
0.3 1.61760479333101e+41 0.3773
0.3 1.84687617447975e+41 0.3773
0.3 2.10864335833047e+41 0.3773
0.3 2.4075121408092e+41 0.4117
0.3 2.74874112079945e+41 0.4117
0.3 3.13833422523646e+41 0.4667
0.3 3.58314634825487e+41 0.4667
0.3 4.09100396311194e+41 0.5163
0.3 4.67084282905416e+41 0.5163
0.3 5.33286521608031e+41 0.5163
0.3 6.08871941397313e+41 0.5946
0.3 6.95170468406135e+41 0.5946
0.3 7.93700525984097e+41 0.6728
0.3 9.06195751369867e+41 0.6728
0.3 1.03463549905376e+42 0.7397
0.3 1.18127966753764e+42 0.7397
0.3 1.34870846226912e+42 0.7397
0.3 1.53986779437934e+42 0.8136
0.3 1.75812111401549e+42 0.8136
0.3 2.00730859027603e+42 0.8452
0.3 2.29181467902013e+42 0.8452
0.3 2.61664526740747e+42 0.8828
0.3 2.98751575252729e+42 0.8828
0.3 3.41095160386101e+42 0.899
0.3 3.89440317897556e+42 0.899
0.3 4.44637681263124e+42 0.899
0.3 5.07658448581727e+42 0.9185
0.3 5.79611470814359e+42 0.9185
0.3 6.61762762026614e+42 0.9355
0.3 7.55557774917379e+42 0.9355
0.3 8.62646833571973e+42 0.9546
0.3 9.84914170929053e+42 0.9546
0.3 1.12451108187593e+43 0.9546
0.3 1.28389377530122e+43 0.9726
0.3 1.4658665911121e+43 0.9726
0.3 1.67363134261978e+43 0.9922
0.3 1.91084365247335e+43 0.9922
0.3 2.18167727337263e+43 1.009
0.3 2.49089752528407e+43 1.009
0.3 2.84394514128792e+43 1.027
0.3 3.24703199732501e+43 1.027
0.3 3.70725041020933e+43 1.027
0.3 4.23269792700523e+43 1.042
0.3 4.83261980144005e+43 1.042
0.3 5.5175716642256e+43 1.058
0.3 6.2996052494744e+43 1.058
0.3 7.19248044506816e+43 1.074
0.3 8.21190739800786e+43 1.074
0.3 9.37582293458945e+43 1.074
0.3 1.0704706159022e+44 1.088
0.3 1.22219387834487e+44 1.088
0.3 1.39542165293784e+44 1.099
0.3 1.59320188391447e+44 1.099
0.3 1.81901451619634e+44 1.112
0.3 2.0768327250551e+44 1.112
0.3 2.37119282416671e+44 1.112
0.3 2.70727408209078e+44 1.121
0.3 3.09098985154704e+44 1.121
0.3 3.5290916149089e+44 1.131
0.3 4.02928777659586e+44 1.131
0.3 4.60037929251778e+44 1.139
0.3 5.25241452297211e+44 1.139
0.3 5.99686603363297e+44 1.148
0.3 6.84683245544589e+44 1.148
0.3 7.81726895515578e+44 1.148
0.3 8.92525037159882e+44 1.155
0.3 1.0190271647643e+45 1.155
0.3 1.16345908438818e+45 1.164
0.3 1.32836207694079e+45 1.164
0.3 1.51663761204147e+45 1.169
0.3 1.73159839940343e+45 1.169
0.3 1.97702667599047e+45 1.169
0.3 2.25724075451014e+45 1.174
0.3 2.57717100416405e+45 1.174
0.3 2.9424466005379e+45 1.179
0.3 3.35949457099589e+45 1.179
0.3 3.83565287828418e+45 1.185
0.3 4.37929953205086e+45 1.185
0.3 5e+45 1.19
0.35 1e+40 0.2385
0.35 1.14173510247619e+40 0.2545
0.35 1.30355904422631e+40 0.2545
0.35 1.4883191189435e+40 0.2774
0.35 1.69926618178422e+40 0.2774
0.35 1.94011184819373e+40 0.2774
0.35 2.21509379981273e+40 0.2858
0.35 2.52905034652355e+40 0.2858
0.35 2.88750555655553e+40 0.2905
0.35 3.29676645251449e+40 0.2905
0.35 3.76403398350168e+40 0.2925
0.35 4.29752972587713e+40 0.2925
0.35 4.90664054196878e+40 0.2925
0.35 5.60208374199861e+40 0.3071
0.35 6.39609565525095e+40 0.3071
0.35 7.30264692839543e+40 0.3153
0.35 8.33768833913895e+40 0.3153
0.35 9.51943145030131e+40 0.3283
0.35 1.08686690424248e+41 0.3283
0.35 1.24091409629328e+41 0.337
0.35 1.41679518289555e+41 0.337
0.35 1.61760479333101e+41 0.337
0.35 1.84687617447975e+41 0.3498
0.35 2.10864335833047e+41 0.3498
0.35 2.4075121408092e+41 0.3593
0.35 2.74874112079945e+41 0.3593
0.35 3.13833422523646e+41 0.3886
0.35 3.58314634825487e+41 0.3886
0.35 4.09100396311194e+41 0.3886
0.35 4.67084282905416e+41 0.4137
0.35 5.33286521608031e+41 0.4137
0.35 6.08871941397313e+41 0.4837
0.35 6.95170468406135e+41 0.4837
0.35 7.93700525984097e+41 0.552
0.35 9.06195751369867e+41 0.552
0.35 1.03463549905376e+42 0.6385
0.35 1.18127966753764e+42 0.6385
0.35 1.34870846226912e+42 0.6385
0.35 1.53986779437934e+42 0.733
0.35 1.75812111401549e+42 0.733
0.35 2.00730859027603e+42 0.7858
0.35 2.29181467902013e+42 0.7858
0.35 2.61664526740747e+42 0.8478
0.35 2.98751575252729e+42 0.8478
0.35 3.41095160386101e+42 0.8478
0.35 3.89440317897556e+42 0.8722
0.35 4.44637681263124e+42 0.8722
0.35 5.07658448581727e+42 0.9012
0.35 5.79611470814359e+42 0.9012
0.35 6.61762762026614e+42 0.9201
0.35 7.55557774917379e+42 0.9201
0.35 8.62646833571973e+42 0.9201
0.35 9.84914170929053e+42 0.9412
0.35 1.12451108187593e+43 0.9412
0.35 1.28389377530122e+43 0.9605
0.35 1.4658665911121e+43 0.9605
0.35 1.67363134261978e+43 0.9813
0.35 1.91084365247335e+43 0.9813
0.35 2.18167727337263e+43 0.9998
0.35 2.49089752528407e+43 0.9998
0.35 2.84394514128792e+43 0.9998
0.35 3.24703199732501e+43 1.02
0.35 3.70725041020933e+43 1.02
0.35 4.23269792700523e+43 1.037
0.35 4.83261980144005e+43 1.037
0.35 5.5175716642256e+43 1.056
0.35 6.2996052494744e+43 1.056
0.35 7.19248044506816e+43 1.056
0.35 8.21190739800786e+43 1.074
0.35 9.37582293458945e+43 1.074
0.35 1.0704706159022e+44 1.091
0.35 1.22219387834487e+44 1.091
0.35 1.39542165293784e+44 1.104
0.35 1.59320188391447e+44 1.104
0.35 1.81901451619634e+44 1.119
0.35 2.0768327250551e+44 1.119
0.35 2.37119282416671e+44 1.119
0.35 2.70727408209078e+44 1.131
0.35 3.09098985154704e+44 1.131
0.35 3.5290916149089e+44 1.144
0.35 4.02928777659586e+44 1.144
0.35 4.60037929251778e+44 1.154
0.35 5.25241452297211e+44 1.154
0.35 5.99686603363297e+44 1.154
0.35 6.84683245544589e+44 1.164
0.35 7.81726895515578e+44 1.164
0.35 8.92525037159882e+44 1.172
0.35 1.0190271647643e+45 1.172
0.35 1.16345908438818e+45 1.182
0.35 1.32836207694079e+45 1.182
0.35 1.51663761204147e+45 1.188
0.35 1.73159839940343e+45 1.188
0.35 1.97702667599047e+45 1.188
0.35 2.25724075451014e+45 1.195
0.35 2.57717100416405e+45 1.195
0.35 2.9424466005379e+45 1.201
0.35 3.35949457099589e+45 1.201
0.35 3.83565287828418e+45 1.209
0.35 4.37929953205086e+45 1.209
0.35 5e+45 1.209
0.4 1e+40 0.1107
0.4 1.14173510247619e+40 0.1196
0.4 1.30355904422631e+40 0.1196
0.4 1.4883191189435e+40 0.1196
0.4 1.69926618178422e+40 0.1354
0.4 1.94011184819373e+40 0.1354
0.4 2.21509379981273e+40 0.1407
0.4 2.52905034652355e+40 0.1407
0.4 2.88750555655553e+40 0.1553
0.4 3.29676645251449e+40 0.1553
0.4 3.76403398350168e+40 0.161
0.4 4.29752972587713e+40 0.161
0.4 4.90664054196878e+40 0.161
0.4 5.60208374199861e+40 0.1878
0.4 6.39609565525095e+40 0.1878
0.4 7.30264692839543e+40 0.2024
0.4 8.33768833913895e+40 0.2024
0.4 9.51943145030131e+40 0.2325
0.4 1.08686690424248e+41 0.2325
0.4 1.24091409629328e+41 0.2325
0.4 1.41679518289555e+41 0.2525
0.4 1.61760479333101e+41 0.2525
0.4 1.84687617447975e+41 0.2782
0.4 2.10864335833047e+41 0.2782
0.4 2.4075121408092e+41 0.2974
0.4 2.74874112079945e+41 0.2974
0.4 3.13833422523646e+41 0.3198
0.4 3.58314634825487e+41 0.3198
0.4 4.09100396311194e+41 0.3198
0.4 4.67084282905416e+41 0.339
0.4 5.33286521608031e+41 0.339
0.4 6.08871941397313e+41 0.3785
0.4 6.95170468406135e+41 0.3785
0.4 7.93700525984097e+41 0.4169
0.4 9.06195751369867e+41 0.4169
0.4 1.03463549905376e+42 0.4169
0.4 1.18127966753764e+42 0.4906
0.4 1.34870846226912e+42 0.4906
0.4 1.53986779437934e+42 0.5711
0.4 1.75812111401549e+42 0.5711
0.4 2.00730859027603e+42 0.6511
0.4 2.29181467902013e+42 0.6511
0.4 2.61664526740747e+42 0.6511
0.4 2.98751575252729e+42 0.7451
0.4 3.41095160386101e+42 0.7451
0.4 3.89440317897556e+42 0.7957
0.4 4.44637681263124e+42 0.7957
0.4 5.07658448581727e+42 0.8557
0.4 5.79611470814359e+42 0.8557
0.4 6.61762762026614e+42 0.885
0.4 7.55557774917379e+42 0.885
0.4 8.62646833571973e+42 0.885
0.4 9.84914170929053e+42 0.9175
0.4 1.12451108187593e+43 0.9175
0.4 1.28389377530122e+43 0.9415
0.4 1.4658665911121e+43 0.9415
0.4 1.67363134261978e+43 0.9672
0.4 1.91084365247335e+43 0.9672
0.4 2.18167727337263e+43 0.9672
0.4 2.49089752528407e+43 0.9891
0.4 2.84394514128792e+43 0.9891
0.4 3.24703199732501e+43 1.013
0.4 3.70725041020933e+43 1.013
0.4 4.23269792700523e+43 1.032
0.4 4.83261980144005e+43 1.032
0.4 5.5175716642256e+43 1.054
0.4 6.2996052494744e+43 1.054
0.4 7.19248044506816e+43 1.054
0.4 8.21190739800786e+43 1.072
0.4 9.37582293458945e+43 1.072
0.4 1.0704706159022e+44 1.091
0.4 1.22219387834487e+44 1.091
0.4 1.39542165293784e+44 1.107
0.4 1.59320188391447e+44 1.107
0.4 1.81901451619634e+44 1.107
0.4 2.0768327250551e+44 1.125
0.4 2.37119282416671e+44 1.125
0.4 2.70727408209078e+44 1.138
0.4 3.09098985154704e+44 1.138
0.4 3.5290916149089e+44 1.154
0.4 4.02928777659586e+44 1.154
0.4 4.60037929251778e+44 1.154
0.4 5.25241452297211e+44 1.165
0.4 5.99686603363297e+44 1.165
0.4 6.84683245544589e+44 1.179
0.4 7.81726895515578e+44 1.179
0.4 8.92525037159882e+44 1.189
0.4 1.0190271647643e+45 1.189
0.4 1.16345908438818e+45 1.2
0.4 1.32836207694079e+45 1.2
0.4 1.51663761204147e+45 1.2
0.4 1.73159839940343e+45 1.207
0.4 1.97702667599047e+45 1.207
0.4 2.25724075451014e+45 1.215
0.4 2.57717100416405e+45 1.215
0.4 2.9424466005379e+45 1.222
0.4 3.35949457099589e+45 1.222
0.4 3.83565287828418e+45 1.222
0.4 4.37929953205086e+45 1.231
0.4 5e+45 1.231
0.45 1e+40 0.08002
0.45 1.14173510247619e+40 0.08744
0.45 1.30355904422631e+40 0.08744
0.45 1.4883191189435e+40 0.08744
0.45 1.69926618178422e+40 0.1009
0.45 1.94011184819373e+40 0.1009
0.45 2.21509379981273e+40 0.1052
0.45 2.52905034652355e+40 0.1052
0.45 2.88750555655553e+40 0.1126
0.45 3.29676645251449e+40 0.1126
0.45 3.76403398350168e+40 0.1126
0.45 4.29752972587713e+40 0.1153
0.45 4.90664054196878e+40 0.1153
0.45 5.60208374199861e+40 0.1296
0.45 6.39609565525095e+40 0.1296
0.45 7.30264692839543e+40 0.1372
0.45 8.33768833913895e+40 0.1372
0.45 9.51943145030131e+40 0.1372
0.45 1.08686690424248e+41 0.1548
0.45 1.24091409629328e+41 0.1548
0.45 1.41679518289555e+41 0.1664
0.45 1.61760479333101e+41 0.1664
0.45 1.84687617447975e+41 0.1881
0.45 2.10864335833047e+41 0.1881
0.45 2.4075121408092e+41 0.2046
0.45 2.74874112079945e+41 0.2046
0.45 3.13833422523646e+41 0.2046
0.45 3.58314634825487e+41 0.2326
0.45 4.09100396311194e+41 0.2326
0.45 4.67084282905416e+41 0.2565
0.45 5.33286521608031e+41 0.2565
0.45 6.08871941397313e+41 0.2952
0.45 6.95170468406135e+41 0.2952
0.45 7.93700525984097e+41 0.2952
0.45 9.06195751369867e+41 0.3328
0.45 1.03463549905376e+42 0.3328
0.45 1.18127966753764e+42 0.3906
0.45 1.34870846226912e+42 0.3906
0.45 1.53986779437934e+42 0.4532
0.45 1.75812111401549e+42 0.4532
0.45 2.00730859027603e+42 0.5316
0.45 2.29181467902013e+42 0.5316
0.45 2.61664526740747e+42 0.5316
0.45 2.98751575252729e+42 0.6235
0.45 3.41095160386101e+42 0.6235
0.45 3.89440317897556e+42 0.6945
0.45 4.44637681263124e+42 0.6945
0.45 5.07658448581727e+42 0.7783
0.45 5.79611470814359e+42 0.7783
0.45 6.61762762026614e+42 0.7783
0.45 7.55557774917379e+42 0.8234
0.45 8.62646833571973e+42 0.8234
0.45 9.84914170929053e+42 0.8734
0.45 1.12451108187593e+43 0.8734
0.45 1.28389377530122e+43 0.9056
0.45 1.4658665911121e+43 0.9056
0.45 1.67363134261978e+43 0.9056
0.45 1.91084365247335e+43 0.94
0.45 2.18167727337263e+43 0.94
0.45 2.49089752528407e+43 0.9672
0.45 2.84394514128792e+43 0.9672
0.45 3.24703199732501e+43 0.9962
0.45 3.70725041020933e+43 0.9962
0.45 4.23269792700523e+43 1.02
0.45 4.83261980144005e+43 1.02
0.45 5.5175716642256e+43 1.02
0.45 6.2996052494744e+43 1.045
0.45 7.19248044506816e+43 1.045
0.45 8.21190739800786e+43 1.066
0.45 9.37582293458945e+43 1.066
0.45 1.0704706159022e+44 1.089
0.45 1.22219387834487e+44 1.089
0.45 1.39542165293784e+44 1.089
0.45 1.59320188391447e+44 1.107
0.45 1.81901451619634e+44 1.107
0.45 2.0768327250551e+44 1.127
0.45 2.37119282416671e+44 1.127
0.45 2.70727408209078e+44 1.143
0.45 3.09098985154704e+44 1.143
0.45 3.5290916149089e+44 1.161
0.45 4.02928777659586e+44 1.161
0.45 4.60037929251778e+44 1.161
0.45 5.25241452297211e+44 1.175
0.45 5.99686603363297e+44 1.175
0.45 6.84683245544589e+44 1.19
0.45 7.81726895515578e+44 1.19
0.45 8.92525037159882e+44 1.202
0.45 1.0190271647643e+45 1.202
0.45 1.16345908438818e+45 1.202
0.45 1.32836207694079e+45 1.215
0.45 1.51663761204147e+45 1.215
0.45 1.73159839940343e+45 1.224
0.45 1.97702667599047e+45 1.224
0.45 2.25724075451014e+45 1.234
0.45 2.57717100416405e+45 1.234
0.45 2.9424466005379e+45 1.234
0.45 3.35949457099589e+45 1.242
0.45 3.83565287828418e+45 1.242
0.45 4.37929953205086e+45 1.252
0.45 5e+45 1.252
0.5 1e+40 0.05031
0.5 1.14173510247619e+40 0.05031
0.5 1.30355904422631e+40 0.0557
0.5 1.4883191189435e+40 0.0557
0.5 1.69926618178422e+40 0.07047
0.5 1.94011184819373e+40 0.07047
0.5 2.21509379981273e+40 0.07521
0.5 2.52905034652355e+40 0.07521
0.5 2.88750555655553e+40 0.07521
0.5 3.29676645251449e+40 0.08921
0.5 3.76403398350168e+40 0.08921
0.5 4.29752972587713e+40 0.09485
0.5 4.90664054196878e+40 0.09485
0.5 5.60208374199861e+40 0.1145
0.5 6.39609565525095e+40 0.1145
0.5 7.30264692839543e+40 0.1256
0.5 8.33768833913895e+40 0.1256
0.5 9.51943145030131e+40 0.1256
0.5 1.08686690424248e+41 0.148
0.5 1.24091409629328e+41 0.148
0.5 1.41679518289555e+41 0.1632
0.5 1.61760479333101e+41 0.1632
0.5 1.84687617447975e+41 0.1878
0.5 2.10864335833047e+41 0.1878
0.5 2.4075121408092e+41 0.1878
0.5 2.74874112079945e+41 0.2051
0.5 3.13833422523646e+41 0.2051
0.5 3.58314634825487e+41 0.2292
0.5 4.09100396311194e+41 0.2292
0.5 4.67084282905416e+41 0.2485
0.5 5.33286521608031e+41 0.2485
0.5 6.08871941397313e+41 0.2485
0.5 6.95170468406135e+41 0.2803
0.5 7.93700525984097e+41 0.2803
0.5 9.06195751369867e+41 0.3086
0.5 1.03463549905376e+42 0.3086
0.5 1.18127966753764e+42 0.3547
0.5 1.34870846226912e+42 0.3547
0.5 1.53986779437934e+42 0.4024
0.5 1.75812111401549e+42 0.4024
0.5 2.00730859027603e+42 0.4024
0.5 2.29181467902013e+42 0.4667
0.5 2.61664526740747e+42 0.4667
0.5 2.98751575252729e+42 0.5412
0.5 3.41095160386101e+42 0.5412
0.5 3.89440317897556e+42 0.6138
0.5 4.44637681263124e+42 0.6138
0.5 5.07658448581727e+42 0.6138
0.5 5.79611470814359e+42 0.6992
0.5 6.61762762026614e+42 0.6992
0.5 7.55557774917379e+42 0.7562
0.5 8.62646833571973e+42 0.7562
0.5 9.84914170929053e+42 0.819
0.5 1.12451108187593e+43 0.819
0.5 1.28389377530122e+43 0.8608
0.5 1.4658665911121e+43 0.8608
0.5 1.67363134261978e+43 0.8608
0.5 1.91084365247335e+43 0.9052
0.5 2.18167727337263e+43 0.9052
0.5 2.49089752528407e+43 0.939
0.5 2.84394514128792e+43 0.939
0.5 3.24703199732501e+43 0.9748
0.5 3.70725041020933e+43 0.9748
0.5 4.23269792700523e+43 0.9748
0.5 4.83261980144005e+43 1.004
0.5 5.5175716642256e+43 1.004
0.5 6.2996052494744e+43 1.035
0.5 7.19248044506816e+43 1.035
0.5 8.21190739800786e+43 1.057
0.5 9.37582293458945e+43 1.057
0.5 1.0704706159022e+44 1.057
0.5 1.22219387834487e+44 1.085
0.5 1.39542165293784e+44 1.085
0.5 1.59320188391447e+44 1.107
0.5 1.81901451619634e+44 1.107
0.5 2.0768327250551e+44 1.131
0.5 2.37119282416671e+44 1.131
0.5 2.70727408209078e+44 1.15
0.5 3.09098985154704e+44 1.15
0.5 3.5290916149089e+44 1.15
0.5 4.02928777659586e+44 1.17
0.5 4.60037929251778e+44 1.17
0.5 5.25241452297211e+44 1.186
0.5 5.99686603363297e+44 1.186
0.5 6.84683245544589e+44 1.204
0.5 7.81726895515578e+44 1.204
0.5 8.92525037159882e+44 1.204
0.5 1.0190271647643e+45 1.218
0.5 1.16345908438818e+45 1.218
0.5 1.32836207694079e+45 1.233
0.5 1.51663761204147e+45 1.233
0.5 1.73159839940343e+45 1.243
0.5 1.97702667599047e+45 1.243
0.5 2.25724075451014e+45 1.254
0.5 2.57717100416405e+45 1.254
0.5 2.9424466005379e+45 1.254
0.5 3.35949457099589e+45 1.265
0.5 3.83565287828418e+45 1.265
0.5 4.37929953205086e+45 1.276
0.5 5e+45 1.276
0.55 1e+40 0.0358
0.55 1.14173510247619e+40 0.0358
0.55 1.30355904422631e+40 0.04014
0.55 1.4883191189435e+40 0.04014
0.55 1.69926618178422e+40 0.05397
0.55 1.94011184819373e+40 0.05397
0.55 2.21509379981273e+40 0.05397
0.55 2.52905034652355e+40 0.05835
0.55 2.88750555655553e+40 0.05835
0.55 3.29676645251449e+40 0.07072
0.55 3.76403398350168e+40 0.07072
0.55 4.29752972587713e+40 0.07557
0.55 4.90664054196878e+40 0.07557
0.55 5.60208374199861e+40 0.09261
0.55 6.39609565525095e+40 0.09261
0.55 7.30264692839543e+40 0.09261
0.55 8.33768833913895e+40 0.1019
0.55 9.51943145030131e+40 0.1019
0.55 1.08686690424248e+41 0.1223
0.55 1.24091409629328e+41 0.1223
0.55 1.41679518289555e+41 0.1359
0.55 1.61760479333101e+41 0.1359
0.55 1.84687617447975e+41 0.1359
0.55 2.10864335833047e+41 0.1587
0.55 2.4075121408092e+41 0.1587
0.55 2.74874112079945e+41 0.1751
0.55 3.13833422523646e+41 0.1751
0.55 3.58314634825487e+41 0.1985
0.55 4.09100396311194e+41 0.1985
0.55 4.67084282905416e+41 0.2174
0.55 5.33286521608031e+41 0.2174
0.55 6.08871941397313e+41 0.2174
0.55 6.95170468406135e+41 0.249
0.55 7.93700525984097e+41 0.249
0.55 9.06195751369867e+41 0.2768
0.55 1.03463549905376e+42 0.2768
0.55 1.18127966753764e+42 0.3227
0.55 1.34870846226912e+42 0.3227
0.55 1.53986779437934e+42 0.3227
0.55 1.75812111401549e+42 0.3691
0.55 2.00730859027603e+42 0.3691
0.55 2.29181467902013e+42 0.4281
0.55 2.61664526740747e+42 0.4281
0.55 2.98751575252729e+42 0.4955
0.55 3.41095160386101e+42 0.4955
0.55 3.89440317897556e+42 0.4955
0.55 4.44637681263124e+42 0.5641
0.55 5.07658448581727e+42 0.5641
0.55 5.79611470814359e+42 0.6444
0.55 6.61762762026614e+42 0.6444
0.55 7.55557774917379e+42 0.7043
0.55 8.62646833571973e+42 0.7043
0.55 9.84914170929053e+42 0.7701
0.55 1.12451108187593e+43 0.7701
0.55 1.28389377530122e+43 0.7701
0.55 1.4658665911121e+43 0.8173
0.55 1.67363134261978e+43 0.8173
0.55 1.91084365247335e+43 0.8673
0.55 2.18167727337263e+43 0.8673
0.55 2.49089752528407e+43 0.9066
0.55 2.84394514128792e+43 0.9066
0.55 3.24703199732501e+43 0.9066
0.55 3.70725041020933e+43 0.9481
0.55 4.23269792700523e+43 0.9481
0.55 4.83261980144005e+43 0.9816
0.55 5.5175716642256e+43 0.9816
0.55 6.2996052494744e+43 1.017
0.55 7.19248044506816e+43 1.017
0.55 8.21190739800786e+43 1.045
0.55 9.37582293458945e+43 1.045
0.55 1.0704706159022e+44 1.045
0.55 1.22219387834487e+44 1.076
0.55 1.39542165293784e+44 1.076
0.55 1.59320188391447e+44 1.102
0.55 1.81901451619634e+44 1.102
0.55 2.0768327250551e+44 1.13
0.55 2.37119282416671e+44 1.13
0.55 2.70727408209078e+44 1.13
0.55 3.09098985154704e+44 1.151
0.55 3.5290916149089e+44 1.151
0.55 4.02928777659586e+44 1.175
0.55 4.60037929251778e+44 1.175
0.55 5.25241452297211e+44 1.193
0.55 5.99686603363297e+44 1.193
0.55 6.84683245544589e+44 1.213
0.55 7.81726895515578e+44 1.213
0.55 8.92525037159882e+44 1.213
0.55 1.0190271647643e+45 1.229
0.55 1.16345908438818e+45 1.229
0.55 1.32836207694079e+45 1.247
0.55 1.51663761204147e+45 1.247
0.55 1.73159839940343e+45 1.258
0.55 1.97702667599047e+45 1.258
0.55 2.25724075451014e+45 1.258
0.55 2.57717100416405e+45 1.271
0.55 2.9424466005379e+45 1.271
0.55 3.35949457099589e+45 1.283
0.55 3.83565287828418e+45 1.283
0.55 4.37929953205086e+45 1.296
0.55 5e+45 1.296
0.6 1e+40 0.02704
0.6 1.14173510247619e+40 0.02704
0.6 1.30355904422631e+40 0.03064
0.6 1.4883191189435e+40 0.03064
0.6 1.69926618178422e+40 0.04407
0.6 1.94011184819373e+40 0.04407
0.6 2.21509379981273e+40 0.04407
0.6 2.52905034652355e+40 0.04831
0.6 2.88750555655553e+40 0.04831
0.6 3.29676645251449e+40 0.06006
0.6 3.76403398350168e+40 0.06006
0.6 4.29752972587713e+40 0.06454
0.6 4.90664054196878e+40 0.06454
0.6 5.60208374199861e+40 0.06454
0.6 6.39609565525095e+40 0.07944
0.6 7.30264692839543e+40 0.07944
0.6 8.33768833913895e+40 0.08731
0.6 9.51943145030131e+40 0.08731
0.6 1.08686690424248e+41 0.1051
0.6 1.24091409629328e+41 0.1051
0.6 1.41679518289555e+41 0.1051
0.6 1.61760479333101e+41 0.1167
0.6 1.84687617447975e+41 0.1167
0.6 2.10864335833047e+41 0.1387
0.6 2.4075121408092e+41 0.1387
0.6 2.74874112079945e+41 0.1542
0.6 3.13833422523646e+41 0.1542
0.6 3.58314634825487e+41 0.1768
0.6 4.09100396311194e+41 0.1768
0.6 4.67084282905416e+41 0.1768
0.6 5.33286521608031e+41 0.195
0.6 6.08871941397313e+41 0.195
0.6 6.95170468406135e+41 0.2221
0.6 7.93700525984097e+41 0.2221
0.6 9.06195751369867e+41 0.2458
0.6 1.03463549905376e+42 0.2458
0.6 1.18127966753764e+42 0.2458
0.6 1.34870846226912e+42 0.2881
0.6 1.53986779437934e+42 0.2881
0.6 1.75812111401549e+42 0.3301
0.6 2.00730859027603e+42 0.3301
0.6 2.29181467902013e+42 0.3905
0.6 2.61664526740747e+42 0.3905
0.6 2.98751575252729e+42 0.4589
0.6 3.41095160386101e+42 0.4589
0.6 3.89440317897556e+42 0.4589
0.6 4.44637681263124e+42 0.5288
0.6 5.07658448581727e+42 0.5288
0.6 5.79611470814359e+42 0.6103
0.6 6.61762762026614e+42 0.6103
0.6 7.55557774917379e+42 0.6719
0.6 8.62646833571973e+42 0.6719
0.6 9.84914170929053e+42 0.6719
0.6 1.12451108187593e+43 0.7393
0.6 1.28389377530122e+43 0.7393
0.6 1.4658665911121e+43 0.7887
0.6 1.67363134261978e+43 0.7887
0.6 1.91084365247335e+43 0.8407
0.6 2.18167727337263e+43 0.8407
0.6 2.49089752528407e+43 0.883
0.6 2.84394514128792e+43 0.883
0.6 3.24703199732501e+43 0.883
0.6 3.70725041020933e+43 0.9276
0.6 4.23269792700523e+43 0.9276
0.6 4.83261980144005e+43 0.9643
0.6 5.5175716642256e+43 0.9643
0.6 6.2996052494744e+43 1.003
0.6 7.19248044506816e+43 1.003
0.6 8.21190739800786e+43 1.003
0.6 9.37582293458945e+43 1.035
0.6 1.0704706159022e+44 1.035
0.6 1.22219387834487e+44 1.07
0.6 1.39542165293784e+44 1.07
0.6 1.59320188391447e+44 1.097
0.6 1.81901451619634e+44 1.097
0.6 2.0768327250551e+44 1.097
0.6 2.37119282416671e+44 1.128
0.6 2.70727408209078e+44 1.128
0.6 3.09098985154704e+44 1.152
0.6 3.5290916149089e+44 1.152
0.6 4.02928777659586e+44 1.179
0.6 4.60037929251778e+44 1.179
0.6 5.25241452297211e+44 1.199
0.6 5.99686603363297e+44 1.199
0.6 6.84683245544589e+44 1.199
0.6 7.81726895515578e+44 1.222
0.6 8.92525037159882e+44 1.222
0.6 1.0190271647643e+45 1.239
0.6 1.16345908438818e+45 1.239
0.6 1.32836207694079e+45 1.259
0.6 1.51663761204147e+45 1.259
0.6 1.73159839940343e+45 1.259
0.6 1.97702667599047e+45 1.272
0.6 2.25724075451014e+45 1.272
0.6 2.57717100416405e+45 1.287
0.6 2.9424466005379e+45 1.287
0.6 3.35949457099589e+45 1.3
0.6 3.83565287828418e+45 1.3
0.6 4.37929953205086e+45 1.315
0.6 5e+45 1.315
0.65 1e+40 0.01274
0.65 1.14173510247619e+40 0.01274
0.65 1.30355904422631e+40 0.01466
0.65 1.4883191189435e+40 0.01466
0.65 1.69926618178422e+40 0.01466
0.65 1.94011184819373e+40 0.02494
0.65 2.21509379981273e+40 0.02494
0.65 2.52905034652355e+40 0.02838
0.65 2.88750555655553e+40 0.02838
0.65 3.29676645251449e+40 0.03919
0.65 3.76403398350168e+40 0.03919
0.65 4.29752972587713e+40 0.03919
0.65 4.90664054196878e+40 0.04339
0.65 5.60208374199861e+40 0.04339
0.65 6.39609565525095e+40 0.05527
0.65 7.30264692839543e+40 0.05527
0.65 8.33768833913895e+40 0.06131
0.65 9.51943145030131e+40 0.06131
0.65 1.08686690424248e+41 0.07597
0.65 1.24091409629328e+41 0.07597
0.65 1.41679518289555e+41 0.07597
0.65 1.61760479333101e+41 0.08519
0.65 1.84687617447975e+41 0.08519
0.65 2.10864335833047e+41 0.1049
0.65 2.4075121408092e+41 0.1049
0.65 2.74874112079945e+41 0.119
0.65 3.13833422523646e+41 0.119
0.65 3.58314634825487e+41 0.119
0.65 4.09100396311194e+41 0.143
0.65 4.67084282905416e+41 0.143
0.65 5.33286521608031e+41 0.1618
0.65 6.08871941397313e+41 0.1618
0.65 6.95170468406135e+41 0.19
0.65 7.93700525984097e+41 0.19
0.65 9.06195751369867e+41 0.2139
0.65 1.03463549905376e+42 0.2139
0.65 1.18127966753764e+42 0.2139
0.65 1.34870846226912e+42 0.2544
0.65 1.53986779437934e+42 0.2544
0.65 1.75812111401549e+42 0.2937
0.65 2.00730859027603e+42 0.2937
0.65 2.29181467902013e+42 0.3539
0.65 2.61664526740747e+42 0.3539
0.65 2.98751575252729e+42 0.3539
0.65 3.41095160386101e+42 0.4213
0.65 3.89440317897556e+42 0.4213
0.65 4.44637681263124e+42 0.4936
0.65 5.07658448581727e+42 0.4936
0.65 5.79611470814359e+42 0.5774
0.65 6.61762762026614e+42 0.5774
0.65 7.55557774917379e+42 0.5774
0.65 8.62646833571973e+42 0.6412
0.65 9.84914170929053e+42 0.6412
0.65 1.12451108187593e+43 0.7106
0.65 1.28389377530122e+43 0.7106
0.65 1.4658665911121e+43 0.7624
0.65 1.67363134261978e+43 0.7624
0.65 1.91084365247335e+43 0.8167
0.65 2.18167727337263e+43 0.8167
0.65 2.49089752528407e+43 0.8167
0.65 2.84394514128792e+43 0.8614
0.65 3.24703199732501e+43 0.8614
0.65 3.70725041020933e+43 0.9082
0.65 4.23269792700523e+43 0.9082
0.65 4.83261980144005e+43 0.9475
0.65 5.5175716642256e+43 0.9475
0.65 6.2996052494744e+43 0.9475
0.65 7.19248044506816e+43 0.9892
0.65 8.21190739800786e+43 0.9892
0.65 9.37582293458945e+43 1.023
0.65 1.0704706159022e+44 1.023
0.65 1.22219387834487e+44 1.061
0.65 1.39542165293784e+44 1.061
0.65 1.59320188391447e+44 1.092
0.65 1.81901451619634e+44 1.092
0.65 2.0768327250551e+44 1.092
0.65 2.37119282416671e+44 1.125
0.65 2.70727408209078e+44 1.125
0.65 3.09098985154704e+44 1.151
0.65 3.5290916149089e+44 1.151
0.65 4.02928777659586e+44 1.181
0.65 4.60037929251778e+44 1.181
0.65 5.25241452297211e+44 1.181
0.65 5.99686603363297e+44 1.203
0.65 6.84683245544589e+44 1.203
0.65 7.81726895515578e+44 1.228
0.65 8.92525037159882e+44 1.228
0.65 1.0190271647643e+45 1.247
0.65 1.16345908438818e+45 1.247
0.65 1.32836207694079e+45 1.247
0.65 1.51663761204147e+45 1.269
0.65 1.73159839940343e+45 1.269
0.65 1.97702667599047e+45 1.283
0.65 2.25724075451014e+45 1.283
0.65 2.57717100416405e+45 1.3
0.65 2.9424466005379e+45 1.3
0.65 3.35949457099589e+45 1.315
0.65 3.83565287828418e+45 1.315
0.65 4.37929953205086e+45 1.315
0.65 5e+45 1.332
0.7 1e+40 0.008154
0.7 1.14173510247619e+40 0.008154
0.7 1.30355904422631e+40 0.008154
0.7 1.4883191189435e+40 0.009456
0.7 1.69926618178422e+40 0.009456
0.7 1.94011184819373e+40 0.01842
0.7 2.21509379981273e+40 0.01842
0.7 2.52905034652355e+40 0.02155
0.7 2.88750555655553e+40 0.02155
0.7 3.29676645251449e+40 0.0344
0.7 3.76403398350168e+40 0.0344
0.7 4.29752972587713e+40 0.0344
0.7 4.90664054196878e+40 0.03989
0.7 5.60208374199861e+40 0.03989
0.7 6.39609565525095e+40 0.05556
0.7 7.30264692839543e+40 0.05556
0.7 8.33768833913895e+40 0.06394
0.7 9.51943145030131e+40 0.06394
0.7 1.08686690424248e+41 0.06394
0.7 1.24091409629328e+41 0.08317
0.7 1.41679518289555e+41 0.08317
0.7 1.61760479333101e+41 0.09542
0.7 1.84687617447975e+41 0.09542
0.7 2.10864335833047e+41 0.1196
0.7 2.4075121408092e+41 0.1196
0.7 2.74874112079945e+41 0.1196
0.7 3.13833422523646e+41 0.1361
0.7 3.58314634825487e+41 0.1361
0.7 4.09100396311194e+41 0.1595
0.7 4.67084282905416e+41 0.1595
0.7 5.33286521608031e+41 0.1764
0.7 6.08871941397313e+41 0.1764
0.7 6.95170468406135e+41 0.1978
0.7 7.93700525984097e+41 0.1978
0.7 9.06195751369867e+41 0.1978
0.7 1.03463549905376e+42 0.2143
0.7 1.18127966753764e+42 0.2143
0.7 1.34870846226912e+42 0.2467
0.7 1.53986779437934e+42 0.2467
0.7 1.75812111401549e+42 0.2763
0.7 2.00730859027603e+42 0.2763
0.7 2.29181467902013e+42 0.2763
0.7 2.61664526740747e+42 0.3312
0.7 2.98751575252729e+42 0.3312
0.7 3.41095160386101e+42 0.3909
0.7 3.89440317897556e+42 0.3909
0.7 4.44637681263124e+42 0.4625
0.7 5.07658448581727e+42 0.4625
0.7 5.79611470814359e+42 0.5446
0.7 6.61762762026614e+42 0.5446
0.7 7.55557774917379e+42 0.5446
0.7 8.62646833571973e+42 0.6103
0.7 9.84914170929053e+42 0.6103
0.7 1.12451108187593e+43 0.6814
0.7 1.28389377530122e+43 0.6814
0.7 1.4658665911121e+43 0.7357
0.7 1.67363134261978e+43 0.7357
0.7 1.91084365247335e+43 0.7357
0.7 2.18167727337263e+43 0.7923
0.7 2.49089752528407e+43 0.7923
0.7 2.84394514128792e+43 0.8396
0.7 3.24703199732501e+43 0.8396
0.7 3.70725041020933e+43 0.889
0.7 4.23269792700523e+43 0.889
0.7 4.83261980144005e+43 0.889
0.7 5.5175716642256e+43 0.9307
0.7 6.2996052494744e+43 0.9307
0.7 7.19248044506816e+43 0.9748
0.7 8.21190739800786e+43 0.9748
0.7 9.37582293458945e+43 1.013
0.7 1.0704706159022e+44 1.013
0.7 1.22219387834487e+44 1.054
0.7 1.39542165293784e+44 1.054
0.7 1.59320188391447e+44 1.054
0.7 1.81901451619634e+44 1.088
0.7 2.0768327250551e+44 1.088
0.7 2.37119282416671e+44 1.124
0.7 2.70727408209078e+44 1.124
0.7 3.09098985154704e+44 1.153
0.7 3.5290916149089e+44 1.153
0.7 4.02928777659586e+44 1.153
0.7 4.60037929251778e+44 1.186
0.7 5.25241452297211e+44 1.186
0.7 5.99686603363297e+44 1.211
0.7 6.84683245544589e+44 1.211
0.7 7.81726895515578e+44 1.238
0.7 8.92525037159882e+44 1.238
0.7 1.0190271647643e+45 1.26
0.7 1.16345908438818e+45 1.26
0.7 1.32836207694079e+45 1.26
0.7 1.51663761204147e+45 1.284
0.7 1.73159839940343e+45 1.284
0.7 1.97702667599047e+45 1.299
0.7 2.25724075451014e+45 1.299
0.7 2.57717100416405e+45 1.317
0.7 2.9424466005379e+45 1.317
0.7 3.35949457099589e+45 1.317
0.7 3.83565287828418e+45 1.334
0.7 4.37929953205086e+45 1.334
0.7 5e+45 1.352
0.75 1e+40 0.001777
0.75 1.14173510247619e+40 0.005159
0.75 1.30355904422631e+40 0.005159
0.75 1.4883191189435e+40 0.006008
0.75 1.69926618178422e+40 0.006008
0.75 1.94011184819373e+40 0.01275
0.75 2.21509379981273e+40 0.01275
0.75 2.52905034652355e+40 0.01503
0.75 2.88750555655553e+40 0.01503
0.75 3.29676645251449e+40 0.01503
0.75 3.76403398350168e+40 0.02558
0.75 4.29752972587713e+40 0.02558
0.75 4.90664054196878e+40 0.03002
0.75 5.60208374199861e+40 0.03002
0.75 6.39609565525095e+40 0.04414
0.75 7.30264692839543e+40 0.04414
0.75 8.33768833913895e+40 0.04414
0.75 9.51943145030131e+40 0.05173
0.75 1.08686690424248e+41 0.05173
0.75 1.24091409629328e+41 0.07057
0.75 1.41679518289555e+41 0.07057
0.75 1.61760479333101e+41 0.08293
0.75 1.84687617447975e+41 0.08293
0.75 2.10864335833047e+41 0.1058
0.75 2.4075121408092e+41 0.1058
0.75 2.74874112079945e+41 0.1058
0.75 3.13833422523646e+41 0.1231
0.75 3.58314634825487e+41 0.1231
0.75 4.09100396311194e+41 0.1474
0.75 4.67084282905416e+41 0.1474
0.75 5.33286521608031e+41 0.1655
0.75 6.08871941397313e+41 0.1655
0.75 6.95170468406135e+41 0.1655
0.75 7.93700525984097e+41 0.185
0.75 9.06195751369867e+41 0.185
0.75 1.03463549905376e+42 0.1997
0.75 1.18127966753764e+42 0.1997
0.75 1.34870846226912e+42 0.2274
0.75 1.53986779437934e+42 0.2274
0.75 1.75812111401549e+42 0.2274
0.75 2.00730859027603e+42 0.2515
0.75 2.29181467902013e+42 0.2515
0.75 2.61664526740747e+42 0.3019
0.75 2.98751575252729e+42 0.3019
0.75 3.41095160386101e+42 0.3552
0.75 3.89440317897556e+42 0.3552
0.75 4.44637681263124e+42 0.4248
0.75 5.07658448581727e+42 0.4248
0.75 5.79611470814359e+42 0.4248
0.75 6.61762762026614e+42 0.5038
0.75 7.55557774917379e+42 0.5038
0.75 8.62646833571973e+42 0.571
0.75 9.84914170929053e+42 0.571
0.75 1.12451108187593e+43 0.6434
0.75 1.28389377530122e+43 0.6434
0.75 1.4658665911121e+43 0.6434
0.75 1.67363134261978e+43 0.7002
0.75 1.91084365247335e+43 0.7002
0.75 2.18167727337263e+43 0.7593
0.75 2.49089752528407e+43 0.7593
0.75 2.84394514128792e+43 0.8097
0.75 3.24703199732501e+43 0.8097
0.75 3.70725041020933e+43 0.862
0.75 4.23269792700523e+43 0.862
0.75 4.83261980144005e+43 0.862
0.75 5.5175716642256e+43 0.907
0.75 6.2996052494744e+43 0.907
0.75 7.19248044506816e+43 0.9544
0.75 8.21190739800786e+43 0.9544
0.75 9.37582293458945e+43 0.9947
0.75 1.0704706159022e+44 0.9947
0.75 1.22219387834487e+44 0.9947
0.75 1.39542165293784e+44 1.038
0.75 1.59320188391447e+44 1.038
0.75 1.81901451619634e+44 1.074
0.75 2.0768327250551e+44 1.074
0.75 2.37119282416671e+44 1.114
0.75 2.70727408209078e+44 1.114
0.75 3.09098985154704e+44 1.114
0.75 3.5290916149089e+44 1.146
0.75 4.02928777659586e+44 1.146
0.75 4.60037929251778e+44 1.181
0.75 5.25241452297211e+44 1.181
0.75 5.99686603363297e+44 1.208
0.75 6.84683245544589e+44 1.208
0.75 7.81726895515578e+44 1.239
0.75 8.92525037159882e+44 1.239
0.75 1.0190271647643e+45 1.239
0.75 1.16345908438818e+45 1.263
0.75 1.32836207694079e+45 1.263
0.75 1.51663761204147e+45 1.289
0.75 1.73159839940343e+45 1.289
0.75 1.97702667599047e+45 1.307
0.75 2.25724075451014e+45 1.307
0.75 2.57717100416405e+45 1.307
0.75 2.9424466005379e+45 1.327
0.75 3.35949457099589e+45 1.327
0.75 3.83565287828418e+45 1.344
0.75 4.37929953205086e+45 1.344
0.75 5e+45 1.364
0.8 1e+40 0.0007457
0.8 1.14173510247619e+40 0.002652
0.8 1.30355904422631e+40 0.002652
0.8 1.4883191189435e+40 0.003122
0.8 1.69926618178422e+40 0.003122
0.8 1.94011184819373e+40 0.007871
0.8 2.21509379981273e+40 0.007871
0.8 2.52905034652355e+40 0.007871
0.8 2.88750555655553e+40 0.009464
0.8 3.29676645251449e+40 0.009464
0.8 3.76403398350168e+40 0.01793
0.8 4.29752972587713e+40 0.01793
0.8 4.90664054196878e+40 0.02149
0.8 5.60208374199861e+40 0.02149
0.8 6.39609565525095e+40 0.02149
0.8 7.30264692839543e+40 0.03377
0.8 8.33768833913895e+40 0.03377
0.8 9.51943145030131e+40 0.04036
0.8 1.08686690424248e+41 0.04036
0.8 1.24091409629328e+41 0.05776
0.8 1.41679518289555e+41 0.05776
0.8 1.61760479333101e+41 0.06919
0.8 1.84687617447975e+41 0.06919
0.8 2.10864335833047e+41 0.06919
0.8 2.4075121408092e+41 0.0923
0.8 2.74874112079945e+41 0.0923
0.8 3.13833422523646e+41 0.11
0.8 3.58314634825487e+41 0.11
0.8 4.09100396311194e+41 0.1364
0.8 4.67084282905416e+41 0.1364
0.8 5.33286521608031e+41 0.1364
0.8 6.08871941397313e+41 0.1564
0.8 6.95170468406135e+41 0.1564
0.8 7.93700525984097e+41 0.1768
0.8 9.06195751369867e+41 0.1768
0.8 1.03463549905376e+42 0.1918
0.8 1.18127966753764e+42 0.1918
0.8 1.34870846226912e+42 0.217
0.8 1.53986779437934e+42 0.217
0.8 1.75812111401549e+42 0.217
0.8 2.00730859027603e+42 0.2381
0.8 2.29181467902013e+42 0.2381
0.8 2.61664526740747e+42 0.2846
0.8 2.98751575252729e+42 0.2846
0.8 3.41095160386101e+42 0.3326
0.8 3.89440317897556e+42 0.3326
0.8 4.44637681263124e+42 0.3326
0.8 5.07658448581727e+42 0.3997
0.8 5.79611470814359e+42 0.3997
0.8 6.61762762026614e+42 0.4748
0.8 7.55557774917379e+42 0.4748
0.8 8.62646833571973e+42 0.5416
0.8 9.84914170929053e+42 0.5416
0.8 1.12451108187593e+43 0.5416
0.8 1.28389377530122e+43 0.6131
0.8 1.4658665911121e+43 0.6131
0.8 1.67363134261978e+43 0.6714
0.8 1.91084365247335e+43 0.6714
0.8 2.18167727337263e+43 0.7318
0.8 2.49089752528407e+43 0.7318
0.8 2.84394514128792e+43 0.7841
0.8 3.24703199732501e+43 0.7841
0.8 3.70725041020933e+43 0.7841
0.8 4.23269792700523e+43 0.8382
0.8 4.83261980144005e+43 0.8382
0.8 5.5175716642256e+43 0.8859
0.8 6.2996052494744e+43 0.8859
0.8 7.19248044506816e+43 0.9358
0.8 8.21190739800786e+43 0.9358
0.8 9.37582293458945e+43 0.9358
0.8 1.0704706159022e+44 0.9793
0.8 1.22219387834487e+44 0.9793
0.8 1.39542165293784e+44 1.026
0.8 1.59320188391447e+44 1.026
0.8 1.81901451619634e+44 1.064
0.8 2.0768327250551e+44 1.064
0.8 2.37119282416671e+44 1.107
0.8 2.70727408209078e+44 1.107
0.8 3.09098985154704e+44 1.107
0.8 3.5290916149089e+44 1.141
0.8 4.02928777659586e+44 1.141
0.8 4.60037929251778e+44 1.178
0.8 5.25241452297211e+44 1.178
0.8 5.99686603363297e+44 1.208
0.8 6.84683245544589e+44 1.208
0.8 7.81726895515578e+44 1.208
0.8 8.92525037159882e+44 1.242
0.8 1.0190271647643e+45 1.242
0.8 1.16345908438818e+45 1.268
0.8 1.32836207694079e+45 1.268
0.8 1.51663761204147e+45 1.297
0.8 1.73159839940343e+45 1.297
0.8 1.97702667599047e+45 1.316
0.8 2.25724075451014e+45 1.316
0.8 2.57717100416405e+45 1.316
0.8 2.9424466005379e+45 1.338
0.8 3.35949457099589e+45 1.338
0.8 3.83565287828418e+45 1.358
0.8 4.37929953205086e+45 1.358
0.8 5e+45 1.38
0.85 1e+40 0.0008397
0.85 1.14173510247619e+40 0.003414
0.85 1.30355904422631e+40 0.003414
0.85 1.4883191189435e+40 0.003988
0.85 1.69926618178422e+40 0.003988
0.85 1.94011184819373e+40 0.003988
0.85 2.21509379981273e+40 0.01121
0.85 2.52905034652355e+40 0.01121
0.85 2.88750555655553e+40 0.01345
0.85 3.29676645251449e+40 0.01345
0.85 3.76403398350168e+40 0.02521
0.85 4.29752972587713e+40 0.02521
0.85 4.90664054196878e+40 0.02952
0.85 5.60208374199861e+40 0.02952
0.85 6.39609565525095e+40 0.02952
0.85 7.30264692839543e+40 0.0438
0.85 8.33768833913895e+40 0.0438
0.85 9.51943145030131e+40 0.0503
0.85 1.08686690424248e+41 0.0503
0.85 1.24091409629328e+41 0.06683
0.85 1.41679518289555e+41 0.06683
0.85 1.61760479333101e+41 0.06683
0.85 1.84687617447975e+41 0.07592
0.85 2.10864335833047e+41 0.07592
0.85 2.4075121408092e+41 0.09162
0.85 2.74874112079945e+41 0.09162
0.85 3.13833422523646e+41 0.1068
0.85 3.58314634825487e+41 0.1068
0.85 4.09100396311194e+41 0.1068
0.85 4.67084282905416e+41 0.1339
0.85 5.33286521608031e+41 0.1339
0.85 6.08871941397313e+41 0.154
0.85 6.95170468406135e+41 0.154
0.85 7.93700525984097e+41 0.1772
0.85 9.06195751369867e+41 0.1772
0.85 1.03463549905376e+42 0.1943
0.85 1.18127966753764e+42 0.1943
0.85 1.34870846226912e+42 0.1943
0.85 1.53986779437934e+42 0.217
0.85 1.75812111401549e+42 0.217
0.85 2.00730859027603e+42 0.2353
0.85 2.29181467902013e+42 0.2353
0.85 2.61664526740747e+42 0.2771
0.85 2.98751575252729e+42 0.2771
0.85 3.41095160386101e+42 0.2771
0.85 3.89440317897556e+42 0.3182
0.85 4.44637681263124e+42 0.3182
0.85 5.07658448581727e+42 0.3822
0.85 5.79611470814359e+42 0.3822
0.85 6.61762762026614e+42 0.4525
0.85 7.55557774917379e+42 0.4525
0.85 8.62646833571973e+42 0.5201
0.85 9.84914170929053e+42 0.5201
0.85 1.12451108187593e+43 0.5201
0.85 1.28389377530122e+43 0.5918
0.85 1.4658665911121e+43 0.5918
0.85 1.67363134261978e+43 0.6534
0.85 1.91084365247335e+43 0.6534
0.85 2.18167727337263e+43 0.7168
0.85 2.49089752528407e+43 0.7168
0.85 2.84394514128792e+43 0.7168
0.85 3.24703199732501e+43 0.7737
0.85 3.70725041020933e+43 0.7737
0.85 4.23269792700523e+43 0.8323
0.85 4.83261980144005e+43 0.8323
0.85 5.5175716642256e+43 0.8843
0.85 6.2996052494744e+43 0.8843
0.85 7.19248044506816e+43 0.9386
0.85 8.21190739800786e+43 0.9386
0.85 9.37582293458945e+43 0.9386
0.85 1.0704706159022e+44 0.987
0.85 1.22219387834487e+44 0.987
0.85 1.39542165293784e+44 1.037
0.85 1.59320188391447e+44 1.037
0.85 1.81901451619634e+44 1.079
0.85 2.0768327250551e+44 1.079
0.85 2.37119282416671e+44 1.079
0.85 2.70727408209078e+44 1.123
0.85 3.09098985154704e+44 1.123
0.85 3.5290916149089e+44 1.158
0.85 4.02928777659586e+44 1.158
0.85 4.60037929251778e+44 1.197
0.85 5.25241452297211e+44 1.197
0.85 5.99686603363297e+44 1.197
0.85 6.84683245544589e+44 1.226
0.85 7.81726895515578e+44 1.226
0.85 8.92525037159882e+44 1.259
0.85 1.0190271647643e+45 1.259
0.85 1.16345908438818e+45 1.285
0.85 1.32836207694079e+45 1.285
0.85 1.51663761204147e+45 1.314
0.85 1.73159839940343e+45 1.314
0.85 1.97702667599047e+45 1.314
0.85 2.25724075451014e+45 1.332
0.85 2.57717100416405e+45 1.332
0.85 2.9424466005379e+45 1.354
0.85 3.35949457099589e+45 1.354
0.85 3.83565287828418e+45 1.374
0.85 4.37929953205086e+45 1.374
0.85 5e+45 1.374
0.9 1e+40 0.0004489
0.9 1.14173510247619e+40 0.002238
0.9 1.30355904422631e+40 0.002238
0.9 1.4883191189435e+40 0.002238
0.9 1.69926618178422e+40 0.00262
0.9 1.94011184819373e+40 0.00262
0.9 2.21509379981273e+40 0.008574
0.9 2.52905034652355e+40 0.008574
0.9 2.88750555655553e+40 0.01034
0.9 3.29676645251449e+40 0.01034
0.9 3.76403398350168e+40 0.02043
0.9 4.29752972587713e+40 0.02043
0.9 4.90664054196878e+40 0.02043
0.9 5.60208374199861e+40 0.024
0.9 6.39609565525095e+40 0.024
0.9 7.30264692839543e+40 0.03668
0.9 8.33768833913895e+40 0.03668
0.9 9.51943145030131e+40 0.04231
0.9 1.08686690424248e+41 0.04231
0.9 1.24091409629328e+41 0.04231
0.9 1.41679518289555e+41 0.05761
0.9 1.61760479333101e+41 0.05761
0.9 1.84687617447975e+41 0.06591
0.9 2.10864335833047e+41 0.06591
0.9 2.4075121408092e+41 0.08661
0.9 2.74874112079945e+41 0.08661
0.9 3.13833422523646e+41 0.09985
0.9 3.58314634825487e+41 0.09985
0.9 4.09100396311194e+41 0.09985
0.9 4.67084282905416e+41 0.126
0.9 5.33286521608031e+41 0.126
0.9 6.08871941397313e+41 0.1452
0.9 6.95170468406135e+41 0.1452
0.9 7.93700525984097e+41 0.1697
0.9 9.06195751369867e+41 0.1697
0.9 1.03463549905376e+42 0.1697
0.9 1.18127966753764e+42 0.1879
0.9 1.34870846226912e+42 0.1879
0.9 1.53986779437934e+42 0.2105
0.9 1.75812111401549e+42 0.2105
0.9 2.00730859027603e+42 0.2284
0.9 2.29181467902013e+42 0.2284
0.9 2.61664526740747e+42 0.2668
0.9 2.98751575252729e+42 0.2668
0.9 3.41095160386101e+42 0.2668
0.9 3.89440317897556e+42 0.3036
0.9 4.44637681263124e+42 0.3036
0.9 5.07658448581727e+42 0.3642
0.9 5.79611470814359e+42 0.3642
0.9 6.61762762026614e+42 0.4293
0.9 7.55557774917379e+42 0.4293
0.9 8.62646833571973e+42 0.4293
0.9 9.84914170929053e+42 0.4957
0.9 1.12451108187593e+43 0.4957
0.9 1.28389377530122e+43 0.5657
0.9 1.4658665911121e+43 0.5657
0.9 1.67363134261978e+43 0.6277
0.9 1.91084365247335e+43 0.6277
0.9 2.18167727337263e+43 0.6277
0.9 2.49089752528407e+43 0.6912
0.9 2.84394514128792e+43 0.6912
0.9 3.24703199732501e+43 0.75
0.9 3.70725041020933e+43 0.75
0.9 4.23269792700523e+43 0.8103
0.9 4.83261980144005e+43 0.8103
0.9 5.5175716642256e+43 0.8649
0.9 6.2996052494744e+43 0.8649
0.9 7.19248044506816e+43 0.8649
0.9 8.21190739800786e+43 0.9216
0.9 9.37582293458945e+43 0.9216
0.9 1.0704706159022e+44 0.9699
0.9 1.22219387834487e+44 0.9699
0.9 1.39542165293784e+44 1.023
0.9 1.59320188391447e+44 1.023
0.9 1.81901451619634e+44 1.023
0.9 2.0768327250551e+44 1.069
0.9 2.37119282416671e+44 1.069
0.9 2.70727408209078e+44 1.117
0.9 3.09098985154704e+44 1.117
0.9 3.5290916149089e+44 1.157
0.9 4.02928777659586e+44 1.157
0.9 4.60037929251778e+44 1.2
0.9 5.25241452297211e+44 1.2
0.9 5.99686603363297e+44 1.2
0.9 6.84683245544589e+44 1.233
0.9 7.81726895515578e+44 1.233
0.9 8.92525037159882e+44 1.269
0.9 1.0190271647643e+45 1.269
0.9 1.16345908438818e+45 1.297
0.9 1.32836207694079e+45 1.297
0.9 1.51663761204147e+45 1.297
0.9 1.73159839940343e+45 1.329
0.9 1.97702667599047e+45 1.329
0.9 2.25724075451014e+45 1.35
0.9 2.57717100416405e+45 1.35
0.9 2.9424466005379e+45 1.374
0.9 3.35949457099589e+45 1.374
0.9 3.83565287828418e+45 1.374
0.9 4.37929953205086e+45 1.395
0.9 5e+45 1.395
0.95 1e+40 0.0002226
0.95 1.14173510247619e+40 0.001107
0.95 1.30355904422631e+40 0.001107
0.95 1.4883191189435e+40 0.001107
0.95 1.69926618178422e+40 0.001288
0.95 1.94011184819373e+40 0.001288
0.95 2.21509379981273e+40 0.003868
0.95 2.52905034652355e+40 0.003868
0.95 2.88750555655553e+40 0.004607
0.95 3.29676645251449e+40 0.004607
0.95 3.76403398350168e+40 0.004607
0.95 4.29752972587713e+40 0.009565
0.95 4.90664054196878e+40 0.009565
0.95 5.60208374199861e+40 0.01126
0.95 6.39609565525095e+40 0.01126
0.95 7.30264692839543e+40 0.0188
0.95 8.33768833913895e+40 0.0188
0.95 9.51943145030131e+40 0.02206
0.95 1.08686690424248e+41 0.02206
0.95 1.24091409629328e+41 0.02206
0.95 1.41679518289555e+41 0.03211
0.95 1.61760479333101e+41 0.03211
0.95 1.84687617447975e+41 0.03749
0.95 2.10864335833047e+41 0.03749
0.95 2.4075121408092e+41 0.05245
0.95 2.74874112079945e+41 0.05245
0.95 3.13833422523646e+41 0.05245
0.95 3.58314634825487e+41 0.06203
0.95 4.09100396311194e+41 0.06203
0.95 4.67084282905416e+41 0.08454
0.95 5.33286521608031e+41 0.08454
0.95 6.08871941397313e+41 0.1015
0.95 6.95170468406135e+41 0.1015
0.95 7.93700525984097e+41 0.1015
0.95 9.06195751369867e+41 0.1309
0.95 1.03463549905376e+42 0.1309
0.95 1.18127966753764e+42 0.1542
0.95 1.34870846226912e+42 0.1542
0.95 1.53986779437934e+42 0.1838
0.95 1.75812111401549e+42 0.1838
0.95 2.00730859027603e+42 0.2073
0.95 2.29181467902013e+42 0.2073
0.95 2.61664526740747e+42 0.2073
0.95 2.98751575252729e+42 0.2457
0.95 3.41095160386101e+42 0.2457
0.95 3.89440317897556e+42 0.2803
0.95 4.44637681263124e+42 0.2803
0.95 5.07658448581727e+42 0.3391
0.95 5.79611470814359e+42 0.3391
0.95 6.61762762026614e+42 0.3391
0.95 7.55557774917379e+42 0.3997
0.95 8.62646833571973e+42 0.3997
0.95 9.84914170929053e+42 0.4658
0.95 1.12451108187593e+43 0.4658
0.95 1.28389377530122e+43 0.5344
0.95 1.4658665911121e+43 0.5344
0.95 1.67363134261978e+43 0.5975
0.95 1.91084365247335e+43 0.5975
0.95 2.18167727337263e+43 0.5975
0.95 2.49089752528407e+43 0.6618
0.95 2.84394514128792e+43 0.6618
0.95 3.24703199732501e+43 0.7219
0.95 3.70725041020933e+43 0.7219
0.95 4.23269792700523e+43 0.7832
0.95 4.83261980144005e+43 0.7832
0.95 5.5175716642256e+43 0.7832
0.95 6.2996052494744e+43 0.8401
0.95 7.19248044506816e+43 0.8401
0.95 8.21190739800786e+43 0.899
0.95 9.37582293458945e+43 0.899
0.95 1.0704706159022e+44 0.9491
0.95 1.22219387834487e+44 0.9491
0.95 1.39542165293784e+44 0.9491
0.95 1.59320188391447e+44 1.005
0.95 1.81901451619634e+44 1.005
0.95 2.0768327250551e+44 1.052
0.95 2.37119282416671e+44 1.052
0.95 2.70727408209078e+44 1.103
0.95 3.09098985154704e+44 1.103
0.95 3.5290916149089e+44 1.145
0.95 4.02928777659586e+44 1.145
0.95 4.60037929251778e+44 1.145
0.95 5.25241452297211e+44 1.19
0.95 5.99686603363297e+44 1.19
0.95 6.84683245544589e+44 1.226
0.95 7.81726895515578e+44 1.226
0.95 8.92525037159882e+44 1.265
0.95 1.0190271647643e+45 1.265
0.95 1.16345908438818e+45 1.265
0.95 1.32836207694079e+45 1.295
0.95 1.51663761204147e+45 1.295
0.95 1.73159839940343e+45 1.329
0.95 1.97702667599047e+45 1.329
0.95 2.25724075451014e+45 1.352
0.95 2.57717100416405e+45 1.352
0.95 2.9424466005379e+45 1.379
0.95 3.35949457099589e+45 1.379
0.95 3.83565287828418e+45 1.379
0.95 4.37929953205086e+45 1.401
0.95 5e+45 1.401
1 1e+40 0.0001091
1 1.14173510247619e+40 0.0001091
1 1.30355904422631e+40 0.0006385
1 1.4883191189435e+40 0.0006385
1 1.69926618178422e+40 0.0007422
1 1.94011184819373e+40 0.0007422
1 2.21509379981273e+40 0.00252
1 2.52905034652355e+40 0.00252
1 2.88750555655553e+40 0.00252
1 3.29676645251449e+40 0.00301
1 3.76403398350168e+40 0.00301
1 4.29752972587713e+40 0.006746
1 4.90664054196878e+40 0.006746
1 5.60208374199861e+40 0.007985
1 6.39609565525095e+40 0.007985
1 7.30264692839543e+40 0.01425
1 8.33768833913895e+40 0.01425
1 9.51943145030131e+40 0.01425
1 1.08686690424248e+41 0.01692
1 1.24091409629328e+41 0.01692
1 1.41679518289555e+41 0.02583
1 1.61760479333101e+41 0.02583
1 1.84687617447975e+41 0.03056
1 2.10864335833047e+41 0.03056
1 2.4075121408092e+41 0.03056
1 2.74874112079945e+41 0.04391
1 3.13833422523646e+41 0.04391
1 3.58314634825487e+41 0.05258
1 4.09100396311194e+41 0.05258
1 4.67084282905416e+41 0.07369
1 5.33286521608031e+41 0.07369
1 6.08871941397313e+41 0.08956
1 6.95170468406135e+41 0.08956
1 7.93700525984097e+41 0.08956
1 9.06195751369867e+41 0.1187
1 1.03463549905376e+42 0.1187
1 1.18127966753764e+42 0.142
1 1.34870846226912e+42 0.142
1 1.53986779437934e+42 0.1722
1 1.75812111401549e+42 0.1722
1 2.00730859027603e+42 0.1722
1 2.29181467902013e+42 0.1963
1 2.61664526740747e+42 0.1963
1 2.98751575252729e+42 0.2337
1 3.41095160386101e+42 0.2337
1 3.89440317897556e+42 0.2668
1 4.44637681263124e+42 0.2668
1 5.07658448581727e+42 0.2668
1 5.79611470814359e+42 0.3227
1 6.61762762026614e+42 0.3227
1 7.55557774917379e+42 0.3795
1 8.62646833571973e+42 0.3795
1 9.84914170929053e+42 0.4438
1 1.12451108187593e+43 0.4438
1 1.28389377530122e+43 0.5099
1 1.4658665911121e+43 0.5099
1 1.67363134261978e+43 0.5099
1 1.91084365247335e+43 0.5728
1 2.18167727337263e+43 0.5728
1 2.49089752528407e+43 0.6365
1 2.84394514128792e+43 0.6365
1 3.24703199732501e+43 0.6975
1 3.70725041020933e+43 0.6975
1 4.23269792700523e+43 0.6975
1 4.83261980144005e+43 0.7596
1 5.5175716642256e+43 0.7596
1 6.2996052494744e+43 0.8181
1 7.19248044506816e+43 0.8181
1 8.21190739800786e+43 0.8786
1 9.37582293458945e+43 0.8786
1 1.0704706159022e+44 0.9333
1 1.22219387834487e+44 0.9333
1 1.39542165293784e+44 0.9333
1 1.59320188391447e+44 0.9915
1 1.81901451619634e+44 0.9915
1 2.0768327250551e+44 1.041
1 2.37119282416671e+44 1.041
1 2.70727408209078e+44 1.095
1 3.09098985154704e+44 1.095
1 3.5290916149089e+44 1.095
1 4.02928777659586e+44 1.139
1 4.60037929251778e+44 1.139
1 5.25241452297211e+44 1.187
1 5.99686603363297e+44 1.187
1 6.84683245544589e+44 1.224
1 7.81726895515578e+44 1.224
1 8.92525037159882e+44 1.224
1 1.0190271647643e+45 1.266
1 1.16345908438818e+45 1.266
1 1.32836207694079e+45 1.298
1 1.51663761204147e+45 1.298
1 1.73159839940343e+45 1.334
1 1.97702667599047e+45 1.334
1 2.25724075451014e+45 1.358
1 2.57717100416405e+45 1.358
1 2.9424466005379e+45 1.358
1 3.35949457099589e+45 1.386
1 3.83565287828418e+45 1.386
1 4.37929953205086e+45 1.411
1 5e+45 1.411
1.05 1e+40 5.279e-05
1.05 1.14173510247619e+40 5.279e-05
1.05 1.30355904422631e+40 0.0003732
1.05 1.4883191189435e+40 0.0003732
1.05 1.69926618178422e+40 0.0004338
1.05 1.94011184819373e+40 0.0004338
1.05 2.21509379981273e+40 0.001741
1.05 2.52905034652355e+40 0.001741
1.05 2.88750555655553e+40 0.001741
1.05 3.29676645251449e+40 0.002103
1.05 3.76403398350168e+40 0.002103
1.05 4.29752972587713e+40 0.005448
1.05 4.90664054196878e+40 0.005448
1.05 5.60208374199861e+40 0.006637
1.05 6.39609565525095e+40 0.006637
1.05 7.30264692839543e+40 0.006637
1.05 8.33768833913895e+40 0.01352
1.05 9.51943145030131e+40 0.01352
1.05 1.08686690424248e+41 0.0167
1.05 1.24091409629328e+41 0.0167
1.05 1.41679518289555e+41 0.02769
1.05 1.61760479333101e+41 0.02769
1.05 1.84687617447975e+41 0.02769
1.05 2.10864335833047e+41 0.03381
1.05 2.4075121408092e+41 0.03381
1.05 2.74874112079945e+41 0.04372
1.05 3.13833422523646e+41 0.04372
1.05 3.58314634825487e+41 0.05251
1.05 4.09100396311194e+41 0.05251
1.05 4.67084282905416e+41 0.07279
1.05 5.33286521608031e+41 0.07279
1.05 6.08871941397313e+41 0.07279
1.05 6.95170468406135e+41 0.08727
1.05 7.93700525984097e+41 0.08727
1.05 9.06195751369867e+41 0.1145
1.05 1.03463549905376e+42 0.1145
1.05 1.18127966753764e+42 0.1356
1.05 1.34870846226912e+42 0.1356
1.05 1.53986779437934e+42 0.1356
1.05 1.75812111401549e+42 0.1661
1.05 2.00730859027603e+42 0.1661
1.05 2.29181467902013e+42 0.1906
1.05 2.61664526740747e+42 0.1906
1.05 2.98751575252729e+42 0.2261
1.05 3.41095160386101e+42 0.2261
1.05 3.89440317897556e+42 0.2567
1.05 4.44637681263124e+42 0.2567
1.05 5.07658448581727e+42 0.2567
1.05 5.79611470814359e+42 0.3084
1.05 6.61762762026614e+42 0.3084
1.05 7.55557774917379e+42 0.3583
1.05 8.62646833571973e+42 0.3583
1.05 9.84914170929053e+42 0.4201
1.05 1.12451108187593e+43 0.4201
1.05 1.28389377530122e+43 0.4201
1.05 1.4658665911121e+43 0.4819
1.05 1.67363134261978e+43 0.4819
1.05 1.91084365247335e+43 0.5446
1.05 2.18167727337263e+43 0.5446
1.05 2.49089752528407e+43 0.6073
1.05 2.84394514128792e+43 0.6073
1.05 3.24703199732501e+43 0.6073
1.05 3.70725041020933e+43 0.6697
1.05 4.23269792700523e+43 0.6697
1.05 4.83261980144005e+43 0.7328
1.05 5.5175716642256e+43 0.7328
1.05 6.2996052494744e+43 0.7931
1.05 7.19248044506816e+43 0.7931
1.05 8.21190739800786e+43 0.8552
1.05 9.37582293458945e+43 0.8552
1.05 1.0704706159022e+44 0.8552
1.05 1.22219387834487e+44 0.9093
1.05 1.39542165293784e+44 0.9093
1.05 1.59320188391447e+44 0.9697
1.05 1.81901451619634e+44 0.9697
1.05 2.0768327250551e+44 1.022
1.05 2.37119282416671e+44 1.022
1.05 2.70727408209078e+44 1.022
1.05 3.09098985154704e+44 1.079
1.05 3.5290916149089e+44 1.079
1.05 4.02928777659586e+44 1.125
1.05 4.60037929251778e+44 1.125
1.05 5.25241452297211e+44 1.176
1.05 5.99686603363297e+44 1.176
1.05 6.84683245544589e+44 1.216
1.05 7.81726895515578e+44 1.216
1.05 8.92525037159882e+44 1.216
1.05 1.0190271647643e+45 1.26
1.05 1.16345908438818e+45 1.26
1.05 1.32836207694079e+45 1.295
1.05 1.51663761204147e+45 1.295
1.05 1.73159839940343e+45 1.333
1.05 1.97702667599047e+45 1.333
1.05 2.25724075451014e+45 1.333
1.05 2.57717100416405e+45 1.36
1.05 2.9424466005379e+45 1.36
1.05 3.35949457099589e+45 1.39
1.05 3.83565287828418e+45 1.39
1.05 4.37929953205086e+45 1.416
1.05 5e+45 1.416
1.1 1e+40 2.673e-05
1.1 1.14173510247619e+40 2.673e-05
1.1 1.30355904422631e+40 0.000207
1.1 1.4883191189435e+40 0.000207
1.1 1.69926618178422e+40 0.0002386
1.1 1.94011184819373e+40 0.0002386
1.1 2.21509379981273e+40 0.0002386
1.1 2.52905034652355e+40 0.00102
1.1 2.88750555655553e+40 0.00102
1.1 3.29676645251449e+40 0.001225
1.1 3.76403398350168e+40 0.001225
1.1 4.29752972587713e+40 0.003573
1.1 4.90664054196878e+40 0.003573
1.1 5.60208374199861e+40 0.003573
1.1 6.39609565525095e+40 0.004373
1.1 7.30264692839543e+40 0.004373
1.1 8.33768833913895e+40 0.009717
1.1 9.51943145030131e+40 0.009717
1.1 1.08686690424248e+41 0.01212
1.1 1.24091409629328e+41 0.01212
1.1 1.41679518289555e+41 0.0212
1.1 1.61760479333101e+41 0.0212
1.1 1.84687617447975e+41 0.0212
1.1 2.10864335833047e+41 0.02617
1.1 2.4075121408092e+41 0.02617
1.1 2.74874112079945e+41 0.03982
1.1 3.13833422523646e+41 0.03982
1.1 3.58314634825487e+41 0.04816
1.1 4.09100396311194e+41 0.04816
1.1 4.67084282905416e+41 0.04816
1.1 5.33286521608031e+41 0.06712
1.1 6.08871941397313e+41 0.06712
1.1 6.95170468406135e+41 0.08007
1.1 7.93700525984097e+41 0.08007
1.1 9.06195751369867e+41 0.1057
1.1 1.03463549905376e+42 0.1057
1.1 1.18127966753764e+42 0.1249
1.1 1.34870846226912e+42 0.1249
1.1 1.53986779437934e+42 0.1249
1.1 1.75812111401549e+42 0.1554
1.1 2.00730859027603e+42 0.1554
1.1 2.29181467902013e+42 0.1797
1.1 2.61664526740747e+42 0.1797
1.1 2.98751575252729e+42 0.2153
1.1 3.41095160386101e+42 0.2153
1.1 3.89440317897556e+42 0.2153
1.1 4.44637681263124e+42 0.2456
1.1 5.07658448581727e+42 0.2456
1.1 5.79611470814359e+42 0.2953
1.1 6.61762762026614e+42 0.2953
1.1 7.55557774917379e+42 0.3423
1.1 8.62646833571973e+42 0.3423
1.1 9.84914170929053e+42 0.3423
1.1 1.12451108187593e+43 0.4021
1.1 1.28389377530122e+43 0.4021
1.1 1.4658665911121e+43 0.461
1.1 1.67363134261978e+43 0.461
1.1 1.91084365247335e+43 0.5231
1.1 2.18167727337263e+43 0.5231
1.1 2.49089752528407e+43 0.5848
1.1 2.84394514128792e+43 0.5848
1.1 3.24703199732501e+43 0.5848
1.1 3.70725041020933e+43 0.6473
1.1 4.23269792700523e+43 0.6473
1.1 4.83261980144005e+43 0.7102
1.1 5.5175716642256e+43 0.7102
1.1 6.2996052494744e+43 0.7718
1.1 7.19248044506816e+43 0.7718
1.1 8.21190739800786e+43 0.7718
1.1 9.37582293458945e+43 0.8348
1.1 1.0704706159022e+44 0.8348
1.1 1.22219387834487e+44 0.8939
1.1 1.39542165293784e+44 0.8939
1.1 1.59320188391447e+44 0.9555
1.1 1.81901451619634e+44 0.9555
1.1 2.0768327250551e+44 1.011
1.1 2.37119282416671e+44 1.011
1.1 2.70727408209078e+44 1.011
1.1 3.09098985154704e+44 1.069
1.1 3.5290916149089e+44 1.069
1.1 4.02928777659586e+44 1.118
1.1 4.60037929251778e+44 1.118
1.1 5.25241452297211e+44 1.171
1.1 5.99686603363297e+44 1.171
1.1 6.84683245544589e+44 1.171
1.1 7.81726895515578e+44 1.214
1.1 8.92525037159882e+44 1.214
1.1 1.0190271647643e+45 1.261
1.1 1.16345908438818e+45 1.261
1.1 1.32836207694079e+45 1.298
1.1 1.51663761204147e+45 1.298
1.1 1.73159839940343e+45 1.298
1.1 1.97702667599047e+45 1.339
1.1 2.25724075451014e+45 1.339
1.1 2.57717100416405e+45 1.367
1.1 2.9424466005379e+45 1.367
1.1 3.35949457099589e+45 1.399
1.1 3.83565287828418e+45 1.399
1.1 4.37929953205086e+45 1.428
1.1 5e+45 1.428
1.15 1e+40 1.252e-05
1.15 1.14173510247619e+40 1.252e-05
1.15 1.30355904422631e+40 0.0001106
1.15 1.4883191189435e+40 0.0001106
1.15 1.69926618178422e+40 0.0001106
1.15 1.94011184819373e+40 0.0001271
1.15 2.21509379981273e+40 0.0001271
1.15 2.52905034652355e+40 0.000594
1.15 2.88750555655553e+40 0.000594
1.15 3.29676645251449e+40 0.0007132
1.15 3.76403398350168e+40 0.0007132
1.15 4.29752972587713e+40 0.002386
1.15 4.90664054196878e+40 0.002386
1.15 5.60208374199861e+40 0.002386
1.15 6.39609565525095e+40 0.002941
1.15 7.30264692839543e+40 0.002941
1.15 8.33768833913895e+40 0.007229
1.15 9.51943145030131e+40 0.007229
1.15 1.08686690424248e+41 0.009104
1.15 1.24091409629328e+41 0.009104
1.15 1.41679518289555e+41 0.009104
1.15 1.61760479333101e+41 0.01684
1.15 1.84687617447975e+41 0.01684
1.15 2.10864335833047e+41 0.02098
1.15 2.4075121408092e+41 0.02098
1.15 2.74874112079945e+41 0.03301
1.15 3.13833422523646e+41 0.03301
1.15 3.58314634825487e+41 0.03301
1.15 4.09100396311194e+41 0.04032
1.15 4.67084282905416e+41 0.04032
1.15 5.33286521608031e+41 0.0577
1.15 6.08871941397313e+41 0.0577
1.15 6.95170468406135e+41 0.06951
1.15 7.93700525984097e+41 0.06951
1.15 9.06195751369867e+41 0.09395
1.15 1.03463549905376e+42 0.09395
1.15 1.18127966753764e+42 0.09395
1.15 1.34870846226912e+42 0.1123
1.15 1.53986779437934e+42 0.1123
1.15 1.75812111401549e+42 0.1438
1.15 2.00730859027603e+42 0.1438
1.15 2.29181467902013e+42 0.1695
1.15 2.61664526740747e+42 0.1695
1.15 2.98751575252729e+42 0.1695
1.15 3.41095160386101e+42 0.2074
1.15 3.89440317897556e+42 0.2074
1.15 4.44637681263124e+42 0.2402
1.15 5.07658448581727e+42 0.2402
1.15 5.79611470814359e+42 0.2884
1.15 6.61762762026614e+42 0.2884
1.15 7.55557774917379e+42 0.3329
1.15 8.62646833571973e+42 0.3329
1.15 9.84914170929053e+42 0.3329
1.15 1.12451108187593e+43 0.3894
1.15 1.28389377530122e+43 0.3894
1.15 1.4658665911121e+43 0.4437
1.15 1.67363134261978e+43 0.4437
1.15 1.91084365247335e+43 0.5038
1.15 2.18167727337263e+43 0.5038
1.15 2.49089752528407e+43 0.5038
1.15 2.84394514128792e+43 0.5626
1.15 3.24703199732501e+43 0.5626
1.15 3.70725041020933e+43 0.6245
1.15 4.23269792700523e+43 0.6245
1.15 4.83261980144005e+43 0.6863
1.15 5.5175716642256e+43 0.6863
1.15 6.2996052494744e+43 0.6863
1.15 7.19248044506816e+43 0.7484
1.15 8.21190739800786e+43 0.7484
1.15 9.37582293458945e+43 0.8118
1.15 1.0704706159022e+44 0.8118
1.15 1.22219387834487e+44 0.8729
1.15 1.39542165293784e+44 0.8729
1.15 1.59320188391447e+44 0.9357
1.15 1.81901451619634e+44 0.9357
1.15 2.0768327250551e+44 0.9357
1.15 2.37119282416671e+44 0.9924
1.15 2.70727408209078e+44 0.9924
1.15 3.09098985154704e+44 1.053
1.15 3.5290916149089e+44 1.053
1.15 4.02928777659586e+44 1.104
1.15 4.60037929251778e+44 1.104
1.15 5.25241452297211e+44 1.104
1.15 5.99686603363297e+44 1.159
1.15 6.84683245544589e+44 1.159
1.15 7.81726895515578e+44 1.204
1.15 8.92525037159882e+44 1.204
1.15 1.0190271647643e+45 1.254
1.15 1.16345908438818e+45 1.254
1.15 1.32836207694079e+45 1.293
1.15 1.51663761204147e+45 1.293
1.15 1.73159839940343e+45 1.293
1.15 1.97702667599047e+45 1.337
1.15 2.25724075451014e+45 1.337
1.15 2.57717100416405e+45 1.366
1.15 2.9424466005379e+45 1.366
1.15 3.35949457099589e+45 1.4
1.15 3.83565287828418e+45 1.4
1.15 4.37929953205086e+45 1.4
1.15 5e+45 1.431
1.2 1e+40 6.071e-06
1.2 1.14173510247619e+40 6.071e-06
1.2 1.30355904422631e+40 6.071e-06
1.2 1.4883191189435e+40 6.244e-05
1.2 1.69926618178422e+40 6.244e-05
1.2 1.94011184819373e+40 7.139e-05
1.2 2.21509379981273e+40 7.139e-05
1.2 2.52905034652355e+40 0.0003781
1.2 2.88750555655553e+40 0.0003781
1.2 3.29676645251449e+40 0.000453
1.2 3.76403398350168e+40 0.000453
1.2 4.29752972587713e+40 0.000453
1.2 4.90664054196878e+40 0.001738
1.2 5.60208374199861e+40 0.001738
1.2 6.39609565525095e+40 0.002148
1.2 7.30264692839543e+40 0.002148
1.2 8.33768833913895e+40 0.00577
1.2 9.51943145030131e+40 0.00577
1.2 1.08686690424248e+41 0.00577
1.2 1.24091409629328e+41 0.007311
1.2 1.41679518289555e+41 0.007311
1.2 1.61760479333101e+41 0.01417
1.2 1.84687617447975e+41 0.01417
1.2 2.10864335833047e+41 0.01777
1.2 2.4075121408092e+41 0.01777
1.2 2.74874112079945e+41 0.02876
1.2 3.13833422523646e+41 0.02876
1.2 3.58314634825487e+41 0.02876
1.2 4.09100396311194e+41 0.03541
1.2 4.67084282905416e+41 0.03541
1.2 5.33286521608031e+41 0.05188
1.2 6.08871941397313e+41 0.05188
1.2 6.95170468406135e+41 0.06306
1.2 7.93700525984097e+41 0.06306
1.2 9.06195751369867e+41 0.06306
1.2 1.03463549905376e+42 0.08607
1.2 1.18127966753764e+42 0.08607
1.2 1.34870846226912e+42 0.1031
1.2 1.53986779437934e+42 0.1031
1.2 1.75812111401549e+42 0.133
1.2 2.00730859027603e+42 0.133
1.2 2.29181467902013e+42 0.133
1.2 2.61664526740747e+42 0.157
1.2 2.98751575252729e+42 0.157
1.2 3.41095160386101e+42 0.1942
1.2 3.89440317897556e+42 0.1942
1.2 4.44637681263124e+42 0.2263
1.2 5.07658448581727e+42 0.2263
1.2 5.79611470814359e+42 0.2732
1.2 6.61762762026614e+42 0.2732
1.2 7.55557774917379e+42 0.2732
1.2 8.62646833571973e+42 0.3159
1.2 9.84914170929053e+42 0.3159
1.2 1.12451108187593e+43 0.3707
1.2 1.28389377530122e+43 0.3707
1.2 1.4658665911121e+43 0.4226
1.2 1.67363134261978e+43 0.4226
1.2 1.91084365247335e+43 0.4226
1.2 2.18167727337263e+43 0.4817
1.2 2.49089752528407e+43 0.4817
1.2 2.84394514128792e+43 0.539
1.2 3.24703199732501e+43 0.539
1.2 3.70725041020933e+43 0.6011
1.2 4.23269792700523e+43 0.6011
1.2 4.83261980144005e+43 0.6627
1.2 5.5175716642256e+43 0.6627
1.2 6.2996052494744e+43 0.6627
1.2 7.19248044506816e+43 0.7253
1.2 8.21190739800786e+43 0.7253
1.2 9.37582293458945e+43 0.7889
1.2 1.0704706159022e+44 0.7889
1.2 1.22219387834487e+44 0.8509
1.2 1.39542165293784e+44 0.8509
1.2 1.59320188391447e+44 0.8509
1.2 1.81901451619634e+44 0.915
1.2 2.0768327250551e+44 0.915
1.2 2.37119282416671e+44 0.9734
1.2 2.70727408209078e+44 0.9734
1.2 3.09098985154704e+44 1.035
1.2 3.5290916149089e+44 1.035
1.2 4.02928777659586e+44 1.088
1.2 4.60037929251778e+44 1.088
1.2 5.25241452297211e+44 1.088
1.2 5.99686603363297e+44 1.146
1.2 6.84683245544589e+44 1.146
1.2 7.81726895515578e+44 1.193
1.2 8.92525037159882e+44 1.193
1.2 1.0190271647643e+45 1.245
1.2 1.16345908438818e+45 1.245
1.2 1.32836207694079e+45 1.245
1.2 1.51663761204147e+45 1.286
1.2 1.73159839940343e+45 1.286
1.2 1.97702667599047e+45 1.333
1.2 2.25724075451014e+45 1.333
1.2 2.57717100416405e+45 1.365
1.2 2.9424466005379e+45 1.365
1.2 3.35949457099589e+45 1.365
1.2 3.83565287828418e+45 1.401
1.2 4.37929953205086e+45 1.401
1.2 5e+45 1.434
1.25 1e+40 2.758e-06
1.25 1.14173510247619e+40 2.758e-06
1.25 1.30355904422631e+40 2.758e-06
1.25 1.4883191189435e+40 3.313e-05
1.25 1.69926618178422e+40 3.313e-05
1.25 1.94011184819373e+40 3.769e-05
1.25 2.21509379981273e+40 3.769e-05
1.25 2.52905034652355e+40 0.0002237
1.25 2.88750555655553e+40 0.0002237
1.25 3.29676645251449e+40 0.0002237
1.25 3.76403398350168e+40 0.000268
1.25 4.29752972587713e+40 0.000268
1.25 4.90664054196878e+40 0.001023
1.25 5.60208374199861e+40 0.001023
1.25 6.39609565525095e+40 0.001264
1.25 7.30264692839543e+40 0.001264
1.25 8.33768833913895e+40 0.003417
1.25 9.51943145030131e+40 0.003417
1.25 1.08686690424248e+41 0.003417
1.25 1.24091409629328e+41 0.004333
1.25 1.41679518289555e+41 0.004333
1.25 1.61760479333101e+41 0.00889
1.25 1.84687617447975e+41 0.00889
1.25 2.10864335833047e+41 0.01126
1.25 2.4075121408092e+41 0.01126
1.25 2.74874112079945e+41 0.01126
1.25 3.13833422523646e+41 0.01943
1.25 3.58314634825487e+41 0.01943
1.25 4.09100396311194e+41 0.02435
1.25 4.67084282905416e+41 0.02435
1.25 5.33286521608031e+41 0.03755
1.25 6.08871941397313e+41 0.03755
1.25 6.95170468406135e+41 0.03755
1.25 7.93700525984097e+41 0.04628
1.25 9.06195751369867e+41 0.04628
1.25 1.03463549905376e+42 0.06555
1.25 1.18127966753764e+42 0.06555
1.25 1.34870846226912e+42 0.07938
1.25 1.53986779437934e+42 0.07938
1.25 1.75812111401549e+42 0.1063
1.25 2.00730859027603e+42 0.1063
1.25 2.29181467902013e+42 0.1063
1.25 2.61664526740747e+42 0.1276
1.25 2.98751575252729e+42 0.1276
1.25 3.41095160386101e+42 0.164
1.25 3.89440317897556e+42 0.164
1.25 4.44637681263124e+42 0.1954
1.25 5.07658448581727e+42 0.1954
1.25 5.79611470814359e+42 0.1954
1.25 6.61762762026614e+42 0.2434
1.25 7.55557774917379e+42 0.2434
1.25 8.62646833571973e+42 0.2871
1.25 9.84914170929053e+42 0.2871
1.25 1.12451108187593e+43 0.3434
1.25 1.28389377530122e+43 0.3434
1.25 1.4658665911121e+43 0.3963
1.25 1.67363134261978e+43 0.3963
1.25 1.91084365247335e+43 0.3963
1.25 2.18167727337263e+43 0.4566
1.25 2.49089752528407e+43 0.4566
1.25 2.84394514128792e+43 0.5147
1.25 3.24703199732501e+43 0.5147
1.25 3.70725041020933e+43 0.5775
1.25 4.23269792700523e+43 0.5775
1.25 4.83261980144005e+43 0.5775
1.25 5.5175716642256e+43 0.6394
1.25 6.2996052494744e+43 0.6394
1.25 7.19248044506816e+43 0.7029
1.25 8.21190739800786e+43 0.7029
1.25 9.37582293458945e+43 0.7669
1.25 1.0704706159022e+44 0.7669
1.25 1.22219387834487e+44 0.7669
1.25 1.39542165293784e+44 0.8299
1.25 1.59320188391447e+44 0.8299
1.25 1.81901451619634e+44 0.8946
1.25 2.0768327250551e+44 0.8946
1.25 2.37119282416671e+44 0.9544
1.25 2.70727408209078e+44 0.9544
1.25 3.09098985154704e+44 1.018
1.25 3.5290916149089e+44 1.018
1.25 4.02928777659586e+44 1.018
1.25 4.60037929251778e+44 1.072
1.25 5.25241452297211e+44 1.072
1.25 5.99686603363297e+44 1.131
1.25 6.84683245544589e+44 1.131
1.25 7.81726895515578e+44 1.181
1.25 8.92525037159882e+44 1.181
1.25 1.0190271647643e+45 1.181
1.25 1.16345908438818e+45 1.234
1.25 1.32836207694079e+45 1.234
1.25 1.51663761204147e+45 1.278
1.25 1.73159839940343e+45 1.278
1.25 1.97702667599047e+45 1.327
1.25 2.25724075451014e+45 1.327
1.25 2.57717100416405e+45 1.361
1.25 2.9424466005379e+45 1.361
1.25 3.35949457099589e+45 1.361
1.25 3.83565287828418e+45 1.4
1.25 4.37929953205086e+45 1.4
1.25 5e+45 1.434
1.3 1e+40 1.145e-06
1.3 1.14173510247619e+40 1.225e-06
1.3 1.30355904422631e+40 1.225e-06
1.3 1.4883191189435e+40 1.748e-05
1.3 1.69926618178422e+40 1.748e-05
1.3 1.94011184819373e+40 1.98e-05
1.3 2.21509379981273e+40 1.98e-05
1.3 2.52905034652355e+40 1.98e-05
1.3 2.88750555655553e+40 0.0001342
1.3 3.29676645251449e+40 0.0001342
1.3 3.76403398350168e+40 0.0001605
1.3 4.29752972587713e+40 0.0001605
1.3 4.90664054196878e+40 0.0006834
1.3 5.60208374199861e+40 0.0006834
1.3 6.39609565525095e+40 0.0008458
1.3 7.30264692839543e+40 0.0008458
1.3 8.33768833913895e+40 0.0008458
1.3 9.51943145030131e+40 0.002486
1.3 1.08686690424248e+41 0.002486
1.3 1.24091409629328e+41 0.003165
1.3 1.41679518289555e+41 0.003165
1.3 1.61760479333101e+41 0.00687
1.3 1.84687617447975e+41 0.00687
1.3 2.10864335833047e+41 0.00687
1.3 2.4075121408092e+41 0.00876
1.3 2.74874112079945e+41 0.00876
1.3 3.13833422523646e+41 0.01618
1.3 3.58314634825487e+41 0.01618
1.3 4.09100396311194e+41 0.0204
1.3 4.67084282905416e+41 0.0204
1.3 5.33286521608031e+41 0.03236
1.3 6.08871941397313e+41 0.03236
1.3 6.95170468406135e+41 0.03236
1.3 7.93700525984097e+41 0.04019
1.3 9.06195751369867e+41 0.04019
1.3 1.03463549905376e+42 0.05808
1.3 1.18127966753764e+42 0.05808
1.3 1.34870846226912e+42 0.0708
1.3 1.53986779437934e+42 0.0708
1.3 1.75812111401549e+42 0.0708
1.3 2.00730859027603e+42 0.09599
1.3 2.29181467902013e+42 0.09599
1.3 2.61664526740747e+42 0.1158
1.3 2.98751575252729e+42 0.1158
1.3 3.41095160386101e+42 0.1511
1.3 3.89440317897556e+42 0.1511
1.3 4.44637681263124e+42 0.1511
1.3 5.07658448581727e+42 0.1817
1.3 5.79611470814359e+42 0.1817
1.3 6.61762762026614e+42 0.2282
1.3 7.55557774917379e+42 0.2282
1.3 8.62646833571973e+42 0.2704
1.3 9.84914170929053e+42 0.2704
1.3 1.12451108187593e+43 0.3248
1.3 1.28389377530122e+43 0.3248
1.3 1.4658665911121e+43 0.3248
1.3 1.67363134261978e+43 0.3753
1.3 1.91084365247335e+43 0.3753
1.3 2.18167727337263e+43 0.4346
1.3 2.49089752528407e+43 0.4346
1.3 2.84394514128792e+43 0.491
1.3 3.24703199732501e+43 0.491
1.3 3.70725041020933e+43 0.491
1.3 4.23269792700523e+43 0.5536
1.3 4.83261980144005e+43 0.5536
1.3 5.5175716642256e+43 0.6148
1.3 6.2996052494744e+43 0.6148
1.3 7.19248044506816e+43 0.6793
1.3 8.21190739800786e+43 0.6793
1.3 9.37582293458945e+43 0.744
1.3 1.0704706159022e+44 0.744
1.3 1.22219387834487e+44 0.744
1.3 1.39542165293784e+44 0.8064
1.3 1.59320188391447e+44 0.8064
1.3 1.81901451619634e+44 0.8723
1.3 2.0768327250551e+44 0.8723
1.3 2.37119282416671e+44 0.9339
1.3 2.70727408209078e+44 0.9339
1.3 3.09098985154704e+44 0.9339
1.3 3.5290916149089e+44 0.9988
1.3 4.02928777659586e+44 0.9988
1.3 4.60037929251778e+44 1.056
1.3 5.25241452297211e+44 1.056
1.3 5.99686603363297e+44 1.118
1.3 6.84683245544589e+44 1.118
1.3 7.81726895515578e+44 1.169
1.3 8.92525037159882e+44 1.169
1.3 1.0190271647643e+45 1.169
1.3 1.16345908438818e+45 1.225
1.3 1.32836207694079e+45 1.225
1.3 1.51663761204147e+45 1.271
1.3 1.73159839940343e+45 1.271
1.3 1.97702667599047e+45 1.322
1.3 2.25724075451014e+45 1.322
1.3 2.57717100416405e+45 1.322
1.3 2.9424466005379e+45 1.358
1.3 3.35949457099589e+45 1.358
1.3 3.83565287828418e+45 1.4
1.3 4.37929953205086e+45 1.4
1.3 5e+45 1.436
1.35 1e+40 4.839e-07
1.35 1.14173510247619e+40 5.157e-07
1.35 1.30355904422631e+40 5.157e-07
1.35 1.4883191189435e+40 8.818e-06
1.35 1.69926618178422e+40 8.818e-06
1.35 1.94011184819373e+40 9.956e-06
1.35 2.21509379981273e+40 9.956e-06
1.35 2.52905034652355e+40 9.956e-06
1.35 2.88750555655553e+40 7.802e-05
1.35 3.29676645251449e+40 7.802e-05
1.35 3.76403398350168e+40 9.33e-05
1.35 4.29752972587713e+40 9.33e-05
1.35 4.90664054196878e+40 0.000453
1.35 5.60208374199861e+40 0.000453
1.35 6.39609565525095e+40 0.000453
1.35 7.30264692839543e+40 0.0005635
1.35 8.33768833913895e+40 0.0005635
1.35 9.51943145030131e+40 0.001828
1.35 1.08686690424248e+41 0.001828
1.35 1.24091409629328e+41 0.002346
1.35 1.41679518289555e+41 0.002346
1.35 1.61760479333101e+41 0.005426
1.35 1.84687617447975e+41 0.005426
1.35 2.10864335833047e+41 0.005426
1.35 2.4075121408092e+41 0.006977
1.35 2.74874112079945e+41 0.006977
1.35 3.13833422523646e+41 0.0133
1.35 3.58314634825487e+41 0.0133
1.35 4.09100396311194e+41 0.01693
1.35 4.67084282905416e+41 0.01693
1.35 5.33286521608031e+41 0.01693
1.35 6.08871941397313e+41 0.02777
1.35 6.95170468406135e+41 0.02777
1.35 7.93700525984097e+41 0.03485
1.35 9.06195751369867e+41 0.03485
1.35 1.03463549905376e+42 0.05149
1.35 1.18127966753764e+42 0.05149
1.35 1.34870846226912e+42 0.05149
1.35 1.53986779437934e+42 0.06324
1.35 1.75812111401549e+42 0.06324
1.35 2.00730859027603e+42 0.08682
1.35 2.29181467902013e+42 0.08682
1.35 2.61664526740747e+42 0.105
1.35 2.98751575252729e+42 0.105
1.35 3.41095160386101e+42 0.1389
1.35 3.89440317897556e+42 0.1389
1.35 4.44637681263124e+42 0.1389
1.35 5.07658448581727e+42 0.1681
1.35 5.79611470814359e+42 0.1681
1.35 6.61762762026614e+42 0.2139
1.35 7.55557774917379e+42 0.2139
1.35 8.62646833571973e+42 0.2554
1.35 9.84914170929053e+42 0.2554
1.35 1.12451108187593e+43 0.2554
1.35 1.28389377530122e+43 0.3091
1.35 1.4658665911121e+43 0.3091
1.35 1.67363134261978e+43 0.3586
1.35 1.91084365247335e+43 0.3586
1.35 2.18167727337263e+43 0.417
1.35 2.49089752528407e+43 0.417
1.35 2.84394514128792e+43 0.4721
1.35 3.24703199732501e+43 0.4721
1.35 3.70725041020933e+43 0.4721
1.35 4.23269792700523e+43 0.5342
1.35 4.83261980144005e+43 0.5342
1.35 5.5175716642256e+43 0.5946
1.35 6.2996052494744e+43 0.5946
1.35 7.19248044506816e+43 0.6592
1.35 8.21190739800786e+43 0.6592
1.35 9.37582293458945e+43 0.6592
1.35 1.0704706159022e+44 0.7236
1.35 1.22219387834487e+44 0.7236
1.35 1.39542165293784e+44 0.7863
1.35 1.59320188391447e+44 0.7863
1.35 1.81901451619634e+44 0.8526
1.35 2.0768327250551e+44 0.8526
1.35 2.37119282416671e+44 0.8526
1.35 2.70727408209078e+44 0.9152
1.35 3.09098985154704e+44 0.9152
1.35 3.5290916149089e+44 0.9808
1.35 4.02928777659586e+44 0.9808
1.35 4.60037929251778e+44 1.04
1.35 5.25241452297211e+44 1.04
1.35 5.99686603363297e+44 1.103
1.35 6.84683245544589e+44 1.103
1.35 7.81726895515578e+44 1.103
1.35 8.92525037159882e+44 1.156
1.35 1.0190271647643e+45 1.156
1.35 1.16345908438818e+45 1.214
1.35 1.32836207694079e+45 1.214
1.35 1.51663761204147e+45 1.262
1.35 1.73159839940343e+45 1.262
1.35 1.97702667599047e+45 1.262
1.35 2.25724075451014e+45 1.315
1.35 2.57717100416405e+45 1.315
1.35 2.9424466005379e+45 1.353
1.35 3.35949457099589e+45 1.353
1.35 3.83565287828418e+45 1.397
1.35 4.37929953205086e+45 1.397
1.35 5e+45 1.436
1.4 1e+40 1.968e-07
1.4 1.14173510247619e+40 2.089e-07
1.4 1.30355904422631e+40 2.089e-07
1.4 1.4883191189435e+40 4.305e-06
1.4 1.69926618178422e+40 4.305e-06
1.4 1.94011184819373e+40 4.305e-06
1.4 2.21509379981273e+40 4.842e-06
1.4 2.52905034652355e+40 4.842e-06
1.4 2.88750555655553e+40 4.379e-05
1.4 3.29676645251449e+40 4.379e-05
1.4 3.76403398350168e+40 5.229e-05
1.4 4.29752972587713e+40 5.229e-05
1.4 4.90664054196878e+40 5.229e-05
1.4 5.60208374199861e+40 0.0002821
1.4 6.39609565525095e+40 0.0002821
1.4 7.30264692839543e+40 0.0003518
1.4 8.33768833913895e+40 0.0003518
1.4 9.51943145030131e+40 0.001244
1.4 1.08686690424248e+41 0.001244
1.4 1.24091409629328e+41 0.001606
1.4 1.41679518289555e+41 0.001606
1.4 1.61760479333101e+41 0.001606
1.4 1.84687617447975e+41 0.004018
1.4 2.10864335833047e+41 0.004018
1.4 2.4075121408092e+41 0.005223
1.4 2.74874112079945e+41 0.005223
1.4 3.13833422523646e+41 0.01059
1.4 3.58314634825487e+41 0.01059
1.4 4.09100396311194e+41 0.01059
1.4 4.67084282905416e+41 0.01369
1.4 5.33286521608031e+41 0.01369
1.4 6.08871941397313e+41 0.02349
1.4 6.95170468406135e+41 0.02349
1.4 7.93700525984097e+41 0.02984
1.4 9.06195751369867e+41 0.02984
1.4 1.03463549905376e+42 0.04508
1.4 1.18127966753764e+42 0.04508
1.4 1.34870846226912e+42 0.04508
1.4 1.53986779437934e+42 0.05564
1.4 1.75812111401549e+42 0.05564
1.4 2.00730859027603e+42 0.07744
1.4 2.29181467902013e+42 0.07744
1.4 2.61664526740747e+42 0.09397
1.4 2.98751575252729e+42 0.09397
1.4 3.41095160386101e+42 0.09397
1.4 3.89440317897556e+42 0.126
1.4 4.44637681263124e+42 0.126
1.4 5.07658448581727e+42 0.1532
1.4 5.79611470814359e+42 0.1532
1.4 6.61762762026614e+42 0.1972
1.4 7.55557774917379e+42 0.1972
1.4 8.62646833571973e+42 0.1972
1.4 9.84914170929053e+42 0.2368
1.4 1.12451108187593e+43 0.2368
1.4 1.28389377530122e+43 0.289
1.4 1.4658665911121e+43 0.289
1.4 1.67363134261978e+43 0.3369
1.4 1.91084365247335e+43 0.3369
1.4 2.18167727337263e+43 0.3944
1.4 2.49089752528407e+43 0.3944
1.4 2.84394514128792e+43 0.3944
1.4 3.24703199732501e+43 0.4485
1.4 3.70725041020933e+43 0.4485
1.4 4.23269792700523e+43 0.5103
1.4 4.83261980144005e+43 0.5103
1.4 5.5175716642256e+43 0.5701
1.4 6.2996052494744e+43 0.5701
1.4 7.19248044506816e+43 0.5701
1.4 8.21190739800786e+43 0.6348
1.4 9.37582293458945e+43 0.6348
1.4 1.0704706159022e+44 0.6991
1.4 1.22219387834487e+44 0.6991
1.4 1.39542165293784e+44 0.7643
1.4 1.59320188391447e+44 0.7643
1.4 1.81901451619634e+44 0.8314
1.4 2.0768327250551e+44 0.8314
1.4 2.37119282416671e+44 0.8314
1.4 2.70727408209078e+44 0.8952
1.4 3.09098985154704e+44 0.8952
1.4 3.5290916149089e+44 0.9619
1.4 4.02928777659586e+44 0.9619
1.4 4.60037929251778e+44 1.022
1.4 5.25241452297211e+44 1.022
1.4 5.99686603363297e+44 1.022
1.4 6.84683245544589e+44 1.087
1.4 7.81726895515578e+44 1.087
1.4 8.92525037159882e+44 1.142
1.4 1.0190271647643e+45 1.142
1.4 1.16345908438818e+45 1.203
1.4 1.32836207694079e+45 1.203
1.4 1.51663761204147e+45 1.253
1.4 1.73159839940343e+45 1.253
1.4 1.97702667599047e+45 1.253
1.4 2.25724075451014e+45 1.308
1.4 2.57717100416405e+45 1.308
1.4 2.9424466005379e+45 1.348
1.4 3.35949457099589e+45 1.348
1.4 3.83565287828418e+45 1.394
1.4 4.37929953205086e+45 1.394
1.4 5e+45 1.394
1.45 1e+40 7.871e-08
1.45 1.14173510247619e+40 8.324e-08
1.45 1.30355904422631e+40 8.324e-08
1.45 1.4883191189435e+40 8.324e-08
1.45 1.69926618178422e+40 2.078e-06
1.45 1.94011184819373e+40 2.078e-06
1.45 2.21509379981273e+40 2.329e-06
1.45 2.52905034652355e+40 2.329e-06
1.45 2.88750555655553e+40 2.441e-05
1.45 3.29676645251449e+40 2.441e-05
1.45 3.76403398350168e+40 2.909e-05
1.45 4.29752972587713e+40 2.909e-05
1.45 4.90664054196878e+40 2.909e-05
1.45 5.60208374199861e+40 0.0001753
1.45 6.39609565525095e+40 0.0001753
1.45 7.30264692839543e+40 0.0002189
1.45 8.33768833913895e+40 0.0002189
1.45 9.51943145030131e+40 0.0008462
1.45 1.08686690424248e+41 0.0008462
1.45 1.24091409629328e+41 0.0008462
1.45 1.41679518289555e+41 0.001099
1.45 1.61760479333101e+41 0.001099
1.45 1.84687617447975e+41 0.002994
1.45 2.10864335833047e+41 0.002994
1.45 2.4075121408092e+41 0.003941
1.45 2.74874112079945e+41 0.003941
1.45 3.13833422523646e+41 0.008482
1.45 3.58314634825487e+41 0.008482
1.45 4.09100396311194e+41 0.008482
1.45 4.67084282905416e+41 0.01109
1.45 5.33286521608031e+41 0.01109
1.45 6.08871941397313e+41 0.01966
1.45 6.95170468406135e+41 0.01966
1.45 7.93700525984097e+41 0.02513
1.45 9.06195751369867e+41 0.02513
1.45 1.03463549905376e+42 0.02513
1.45 1.18127966753764e+42 0.03892
1.45 1.34870846226912e+42 0.03892
1.45 1.53986779437934e+42 0.04837
1.45 1.75812111401549e+42 0.04837
1.45 2.00730859027603e+42 0.0686
1.45 2.29181467902013e+42 0.0686
1.45 2.61664526740747e+42 0.0686
1.45 2.98751575252729e+42 0.08376
1.45 3.41095160386101e+42 0.08376
1.45 3.89440317897556e+42 0.1139
1.45 4.44637681263124e+42 0.1139
1.45 5.07658448581727e+42 0.1392
1.45 5.79611470814359e+42 0.1392
1.45 6.61762762026614e+42 0.1816
1.45 7.55557774917379e+42 0.1816
1.45 8.62646833571973e+42 0.1816
1.45 9.84914170929053e+42 0.2194
1.45 1.12451108187593e+43 0.2194
1.45 1.28389377530122e+43 0.2703
1.45 1.4658665911121e+43 0.2703
1.45 1.67363134261978e+43 0.3168
1.45 1.91084365247335e+43 0.3168
1.45 2.18167727337263e+43 0.3168
1.45 2.49089752528407e+43 0.3734
1.45 2.84394514128792e+43 0.3734
1.45 3.24703199732501e+43 0.4264
1.45 3.70725041020933e+43 0.4264
1.45 4.23269792700523e+43 0.4877
1.45 4.83261980144005e+43 0.4877
1.45 5.5175716642256e+43 0.5466
1.45 6.2996052494744e+43 0.5466
1.45 7.19248044506816e+43 0.5466
1.45 8.21190739800786e+43 0.6115
1.45 9.37582293458945e+43 0.6115
1.45 1.0704706159022e+44 0.6757
1.45 1.22219387834487e+44 0.6757
1.45 1.39542165293784e+44 0.7412
1.45 1.59320188391447e+44 0.7412
1.45 1.81901451619634e+44 0.7412
1.45 2.0768327250551e+44 0.8086
1.45 2.37119282416671e+44 0.8086
1.45 2.70727408209078e+44 0.8739
1.45 3.09098985154704e+44 0.8739
1.45 3.5290916149089e+44 0.9421
1.45 4.02928777659586e+44 0.9421
1.45 4.60037929251778e+44 0.9421
1.45 5.25241452297211e+44 1.004
1.45 5.99686603363297e+44 1.004
1.45 6.84683245544589e+44 1.07
1.45 7.81726895515578e+44 1.07
1.45 8.92525037159882e+44 1.127
1.45 1.0190271647643e+45 1.127
1.45 1.16345908438818e+45 1.19
1.45 1.32836207694079e+45 1.19
1.45 1.51663761204147e+45 1.19
1.45 1.73159839940343e+45 1.241
1.45 1.97702667599047e+45 1.241
1.45 2.25724075451014e+45 1.299
1.45 2.57717100416405e+45 1.299
1.45 2.9424466005379e+45 1.341
1.45 3.35949457099589e+45 1.341
1.45 3.83565287828418e+45 1.341
1.45 4.37929953205086e+45 1.389
1.45 5e+45 1.389
1.5 1e+40 3.043e-08
1.5 1.14173510247619e+40 3.206e-08
1.5 1.30355904422631e+40 3.206e-08
1.5 1.4883191189435e+40 3.206e-08
1.5 1.69926618178422e+40 9.785e-07
1.5 1.94011184819373e+40 9.785e-07
1.5 2.21509379981273e+40 1.093e-06
1.5 2.52905034652355e+40 1.093e-06
1.5 2.88750555655553e+40 1.335e-05
1.5 3.29676645251449e+40 1.335e-05
1.5 3.76403398350168e+40 1.335e-05
1.5 4.29752972587713e+40 1.587e-05
1.5 4.90664054196878e+40 1.587e-05
1.5 5.60208374199861e+40 0.0001072
1.5 6.39609565525095e+40 0.0001072
1.5 7.30264692839543e+40 0.0001338
1.5 8.33768833913895e+40 0.0001338
1.5 9.51943145030131e+40 0.0001338
1.5 1.08686690424248e+41 0.0005654
1.5 1.24091409629328e+41 0.0005654
1.5 1.41679518289555e+41 0.0007367
1.5 1.61760479333101e+41 0.0007367
1.5 1.84687617447975e+41 0.002144
1.5 2.10864335833047e+41 0.002144
1.5 2.4075121408092e+41 0.002839
1.5 2.74874112079945e+41 0.002839
1.5 3.13833422523646e+41 0.002839
1.5 3.58314634825487e+41 0.006437
1.5 4.09100396311194e+41 0.006437
1.5 4.67084282905416e+41 0.008473
1.5 5.33286521608031e+41 0.008473
1.5 6.08871941397313e+41 0.01584
1.5 6.95170468406135e+41 0.01584
1.5 7.93700525984097e+41 0.01584
1.5 9.06195751369867e+41 0.02054
1.5 1.03463549905376e+42 0.02054
1.5 1.18127966753764e+42 0.03319
1.5 1.34870846226912e+42 0.03319
1.5 1.53986779437934e+42 0.04191
1.5 1.75812111401549e+42 0.04191
1.5 2.00730859027603e+42 0.06091
1.5 2.29181467902013e+42 0.06091
1.5 2.61664526740747e+42 0.06091
1.5 2.98751575252729e+42 0.07505
1.5 3.41095160386101e+42 0.07505
1.5 3.89440317897556e+42 0.1031
1.5 4.44637681263124e+42 0.1031
1.5 5.07658448581727e+42 0.1262
1.5 5.79611470814359e+42 0.1262
1.5 6.61762762026614e+42 0.1262
1.5 7.55557774917379e+42 0.1664
1.5 8.62646833571973e+42 0.1664
1.5 9.84914170929053e+42 0.202
1.5 1.12451108187593e+43 0.202
1.5 1.28389377530122e+43 0.2515
1.5 1.4658665911121e+43 0.2515
1.5 1.67363134261978e+43 0.2963
1.5 1.91084365247335e+43 0.2963
1.5 2.18167727337263e+43 0.2963
1.5 2.49089752528407e+43 0.3522
1.5 2.84394514128792e+43 0.3522
1.5 3.24703199732501e+43 0.4041
1.5 3.70725041020933e+43 0.4041
1.5 4.23269792700523e+43 0.4651
1.5 4.83261980144005e+43 0.4651
1.5 5.5175716642256e+43 0.4651
1.5 6.2996052494744e+43 0.5235
1.5 7.19248044506816e+43 0.5235
1.5 8.21190739800786e+43 0.5885
1.5 9.37582293458945e+43 0.5885
1.5 1.0704706159022e+44 0.6528
1.5 1.22219387834487e+44 0.6528
1.5 1.39542165293784e+44 0.6528
1.5 1.59320188391447e+44 0.7199
1.5 1.81901451619634e+44 0.7199
1.5 2.0768327250551e+44 0.7879
1.5 2.37119282416671e+44 0.7879
1.5 2.70727408209078e+44 0.8548
1.5 3.09098985154704e+44 0.8548
1.5 3.5290916149089e+44 0.9244
1.5 4.02928777659586e+44 0.9244
1.5 4.60037929251778e+44 0.9244
1.5 5.25241452297211e+44 0.988
1.5 5.99686603363297e+44 0.988
1.5 6.84683245544589e+44 1.056
1.5 7.81726895515578e+44 1.056
1.5 8.92525037159882e+44 1.115
1.5 1.0190271647643e+45 1.115
1.5 1.16345908438818e+45 1.115
1.5 1.32836207694079e+45 1.179
1.5 1.51663761204147e+45 1.179
1.5 1.73159839940343e+45 1.233
1.5 1.97702667599047e+45 1.233
1.5 2.25724075451014e+45 1.293
1.5 2.57717100416405e+45 1.293
1.5 2.9424466005379e+45 1.338
1.5 3.35949457099589e+45 1.338
1.5 3.83565287828418e+45 1.338
1.5 4.37929953205086e+45 1.388
1.5 5e+45 1.388
