1.045781249333782234e-45
1.036084074524620907e-45
1.414459550786012588e-45
1.876138162644268667e-45
1.447271849624752655e-45
1.652277260363690635e-45
7.779187390037304459e-46
4.422364126684628077e-46
3.735541973735528602e-46
2.013749831792070635e-46
1.476800495960366835e-46
8.918479160938872202e-47
5.846252017050338760e-47
3.703717410117683429e-47
2.275720777659214672e-47
1.430442336393751645e-47
8.818382006149603399e-48
5.299825183777170864e-48
3.352967097472307826e-48
2.001571863661840363e-48
1.125464656119037993e-48
5.397576596455596771e-49
3.080425247558653174e-49
1.264422082833631542e-49
5.190841748165145740e-50
1.402063777713872782e-50
4.100870353615188097e-51
7.507125979991552633e-52
1.086001508382196829e-52
2.461373683791529000e-53
